PROBA.T2T 
-125
-250
10
2
51
51
6.170 6.003 6.003 5.003 5.503 11.006 4.502 7.004 
2.501 5.003 8.004 5.503 8.004 4.502 8.504 5.503 
7.004 7.504 6.503 7.004 6.503 9.505 3.002 8.504 
7.004 5.503 9.505 7.004 5.503 11.506 5.503 4.002 
8.004 10.505 5.503 10.005 9.505 9.005 7.504 9.005 
6.503 7.004 7.004 6.503 8.004 6.503 4.502 4.002 
10.505 6.503 7.004 
1910.789 2118.559 2156.078 2318.159 2447.224 2630.315 2846.923 3314.157 
4101.050 5605.803 7913.957 11441.220 16554.776 23053.025 32207.102 43703.852 
57548.772 72652.325 89686.336 106701.846 122979.982 132118.051 135670.327 136217.096 
135740.869 134502.740 134013.498 133214.105 131202.600 126932.962 121944.963 115001.498 
104717.356 89778.888 72833.416 53663.328 34376.185 19648.824 10785.392 5553.776 
3088.544 1974.487 1576.288 1343.672 1122.061 971.986 789.895 633.817 
512.256 449.725 349.675 
