PROBA.T2T 
-125
-250
10
2
51
51
5.336 7.504 4.502 6.003 5.503 3.002 7.504 2.001 
8.504 7.504 7.504 6.003 6.503 4.002 5.003 4.002 
3.502 7.004 5.003 3.502 5.003 3.502 6.503 6.003 
6.003 8.004 4.002 7.504 3.002 7.004 2.501 4.502 
6.003 7.504 5.003 6.503 4.502 7.004 6.003 2.501 
7.504 4.502 7.004 2.501 6.503 4.502 6.003 3.502 
6.003 3.502 5.336 
3474.237 3669.334 3789.895 4055.027 4388.694 4599.299 4948.974 5350.175 
5946.973 6781.390 8181.090 11091.045 15763.881 22349.173 31980.990 46000.498 
63457.227 85458.225 117388.689 155717.354 195244.620 234513.752 266998.980 291529.741 
307337.662 315029.007 314872.422 310885.422 304705.827 294429.704 280902.941 258607.288 
229825.902 191536.261 146571.786 96029.010 50482.740 19490.245 9309.655 6218.609 
4791.896 3960.980 3205.102 2624.312 2121.561 1720.360 1375.188 1197.098 
936.468 822.411 731.866 
