PROBA.T2T 
-125
-250
10
2
51
51
5.169 11.006 8.504 5.003 5.503 7.004 6.503 8.004 
7.504 5.503 7.504 4.002 6.003 7.504 4.002 8.004 
5.503 4.002 7.004 7.004 7.504 6.003 5.003 3.502 
11.006 3.502 5.003 6.003 6.503 9.005 11.506 10.505 
6.503 7.504 10.505 12.006 5.503 9.005 5.003 6.003 
9.505 8.504 6.003 5.003 4.502 9.005 5.503 8.004 
7.004 7.504 5.003 
5164.915 5252.626 5570.285 5852.426 6175.587 6608.804 7154.577 7789.895 
8881.940 11180.089 15561.280 22620.808 32739.367 47767.881 67502.247 94390.193 
127995.493 174076.530 229941.456 280251.604 323188.583 360140.059 386709.332 405985.973 
415282.115 417934.459 414622.783 405616.802 394786.877 377387.677 349934.950 308390.183 
259752.368 202872.930 145120.553 90072.032 41294.146 16271.634 8398.699 6145.572 
5013.006 4056.528 3433.216 2834.917 2283.642 1840.920 1509.255 1306.653 
1110.555 961.981 885.276 
