PROBA.T2T 
-125
-250
10
2
51
51
4.169 3.502 6.503 4.502 4.502 4.502 6.503 2.001 
6.003 5.503 7.504 5.503 1.501 7.504 4.502 7.504 
2.001 5.503 2.001 2.501 3.002 4.002 2.501 5.503 
4.502 5.503 4.502 2.501 3.002 5.003 3.002 4.002 
4.002 4.502 5.003 6.003 5.503 1.501 6.503 5.503 
3.002 5.503 2.501 3.502 6.503 5.003 6.503 3.502 
8.504 4.502 4.669 
903.452 947.474 990.495 1052.526 1067.534 1269.134 1500.250 1901.951 
2623.812 3820.410 5633.316 8196.098 11893.446 17734.367 25419.209 36416.708 
48963.480 65326.161 79617.306 93976.985 106936.465 115910.952 122932.459 128153.574 
131659.830 131604.303 129019.510 124456.720 118390.688 110286.135 101104.045 91221.103 
80171.085 69006.497 59332.162 49339.166 39444.719 30871.935 22907.452 15858.929 
10530.264 6383.191 3357.679 1601.301 780.890 519.260 431.716 335.668 
315.158 242.621 183.092 
