PROBA.T2T 
-125
-250
10
2
51
51
4.336 6.003 4.502 3.002 6.003 5.503 4.502 7.504 
4.502 4.002 5.003 3.502 5.003 3.502 2.501 8.504 
3.502 5.503 2.501 6.003 4.502 6.503 3.002 4.502 
6.503 6.003 5.503 3.502 3.002 4.502 2.001 3.502 
8.504 3.502 2.001 4.502 6.503 5.003 4.502 4.502 
3.502 3.502 4.002 4.002 5.003 6.503 5.503 3.502 
4.002 5.503 5.003 
220.110 243.122 244.122 266.133 289.645 305.153 397.199 491.746 
633.817 912.456 1268.634 1867.934 2719.360 3923.962 5590.795 7798.399 
10779.389 15065.532 19301.150 23204.100 26401.200 29289.143 31499.749 33080.538 
34682.841 35282.141 35131.563 34584.791 33278.136 31952.975 30006.001 27972.485 
25798.897 23458.728 21362.180 19210.105 17371.684 15547.273 13487.744 11637.819 
9997.498 8213.106 6629.815 4939.970 3399.199 2059.029 1142.571 543.772 
268.634 147.574 109.221 
