PROBA.T2T 
-125
-250
10
2
51
51
4.336 6.503 6.503 6.503 7.504 6.503 5.503 4.002 
1.501 3.502 4.002 4.502 5.003 4.502 5.003 5.503 
5.003 5.003 2.501 4.502 2.001 4.502 2.501 4.002 
8.004 7.504 6.503 4.002 3.502 6.003 4.002 4.002 
4.502 4.502 5.003 5.003 5.503 6.503 5.003 4.502 
5.003 2.001 3.002 4.502 4.502 6.003 4.502 7.004 
4.502 5.503 4.669 
5193.263 7187.093 10343.671 14698.348 19675.336 25718.358 32777.388 40718.859 
49587.293 58462.728 68160.580 78290.142 88208.599 97061.526 106295.146 113938.464 
122500.246 129914.453 136875.436 142622.308 147425.713 152347.161 155104.546 158320.656 
159409.691 157425.713 153697.335 148190.590 140905.450 134212.106 126057.024 118662.829 
109167.079 99734.866 89836.414 80881.435 71476.735 62957.475 54226.610 46579.786 
39387.693 33054.026 27171.084 21813.405 17072.536 12987.493 9472.736 6855.427 
4462.731 2834.417 1583.125 
