LGT.DCD 
-256903.84375
-40
1
2
61
61
90.424 91.091 89.089 106.106 84.084 92.092 95.095 115.115 
88.088 114.114 131.131 132.132 130.130 139.139 169.169 185.185 
239.239 269.269 365.365 456.456 581.582 828.829 1145.145 1128.128 
1294.294 1153.153 1187.187 966.967 770.771 627.628 620.621 450.450 
405.405 359.359 364.364 249.249 205.205 184.184 142.142 125.125 
113.113 112.112 86.086 112.112 90.090 101.101 75.075 85.085 
86.086 77.077 75.075 80.080 71.071 75.075 97.097 83.083 
78.078 77.077 78.078 86.086 72.406 
88.755 89.089 94.094 100.100 122.122 114.114 137.137 112.112 
131.131 139.139 128.128 137.137 154.154 168.168 171.171 183.183 
220.220 234.234 251.251 247.247 292.292 287.287 346.346 439.439 
506.506 582.583 717.718 905.906 1164.164 1318.318 1560.561 1670.671 
1900.901 2265.265 2636.637 3040.040 3577.577 3931.932 4591.591 4951.952 
5531.531 5928.929 5926.927 5862.863 5331.331 4454.454 3468.468 2598.598 
1730.731 1336.336 903.904 652.653 498.498 380.380 299.299 291.291 
185.185 210.210 203.203 159.159 152.486 
