LGT.DCD 
-927992.5
-35
1
2
56
56
122.789 95.095 113.113 110.110 119.119 108.108 122.122 138.138 
126.126 126.126 117.117 119.119 126.126 137.137 123.123 138.138 
120.120 106.106 140.140 104.104 112.112 134.134 132.132 124.124 
113.113 121.121 124.124 114.114 124.124 115.115 116.116 123.123 
126.126 98.098 120.120 102.102 97.097 104.104 113.113 101.101 
104.104 133.133 121.121 105.105 117.117 104.104 108.108 120.120 
93.093 113.113 127.127 125.125 122.122 151.151 118.118 122.122 
1714.047 1798.799 1877.878 1991.992 2102.102 2202.202 2413.413 2537.537 
2618.619 2738.739 2998.999 3216.216 3410.410 3643.643 3866.867 4104.104 
4392.392 4711.712 5161.161 5572.572 5971.972 6402.402 7098.098 7768.768 
8295.295 8933.934 9514.514 10394.393 11161.161 11651.651 12267.267 12889.889 
13036.036 13173.172 13505.505 13218.217 13402.402 12918.918 12362.361 11724.724 
11060.060 10520.520 9924.924 9421.421 8500.500 7909.909 7423.423 6911.912 
6171.171 5886.887 5458.458 4993.994 4569.569 4379.379 4084.084 3770.103 
