LGT.DCD 
-256903.84375
-25
1
2
51
51
45.379 42.042 48.048 46.046 49.049 53.053 56.056 42.042 
55.055 45.045 55.055 42.042 62.062 57.057 41.041 61.061 
45.045 47.047 49.049 44.044 55.055 57.057 58.058 46.046 
48.048 45.045 61.061 50.050 62.062 63.063 54.054 47.047 
66.066 51.051 44.044 44.044 49.049 60.060 57.057 53.053 
48.048 51.051 52.052 47.047 55.055 58.058 46.046 57.057 
58.058 62.062 56.723 
4034.034 4358.358 4850.851 5356.356 6060.060 6457.457 7491.491 8258.257 
9126.126 10388.388 11666.666 12941.942 14463.463 16253.253 17581.580 18645.644 
19488.488 20242.242 20539.538 20781.781 20141.141 19082.082 18351.350 17193.193 
16187.186 15056.055 13757.757 12398.398 11488.488 10321.321 9451.451 8587.587 
8001.001 7161.161 6584.584 6063.063 5626.626 5312.312 4762.762 4488.488 
4203.203 3882.883 3769.769 3564.564 3343.343 3119.119 3047.047 2779.780 
2663.663 2602.603 2432.766 
