LGT.DCD 
-256903.84375
-40
1
2
61
61
188.522 195.195 202.202 221.221 248.248 269.269 313.313 367.367 
477.477 555.556 681.682 888.889 1128.128 1644.645 1993.994 2826.827 
3684.685 4983.984 6179.179 7278.278 8675.675 9240.240 8787.787 7804.804 
6615.616 5214.214 4352.352 3520.520 2831.832 2350.350 2056.056 1588.589 
1235.235 949.950 718.719 584.585 487.487 398.398 341.341 289.289 
273.273 254.254 214.214 188.188 200.200 183.183 165.165 153.153 
137.137 160.160 157.157 155.155 133.133 143.143 133.133 130.130 
135.135 130.130 127.127 108.108 124.791 
251.919 223.223 235.235 290.290 289.289 329.329 332.332 397.397 
405.405 418.418 452.452 532.532 526.526 627.628 653.654 748.749 
858.859 928.929 1146.146 1368.368 1648.649 2021.021 2532.532 3101.101 
3880.881 4526.526 5494.494 6400.400 7230.230 8124.124 10392.392 13013.012 
15443.443 18574.575 21475.474 25559.558 29283.282 33106.104 36402.399 38410.410 
38762.762 38038.035 35255.255 31961.960 27358.357 23104.104 19060.060 15628.628 
12626.626 10010.009 7761.761 6239.239 4816.817 3717.717 2979.980 2329.329 
1908.909 1453.453 1269.269 1069.069 900.567 
