LGT.DCD 
-927992.5
-250
1
2
291
291
220.169 210.931 222.479 246.343 217.090 254.811 248.653 265.589 
255.581 250.192 277.906 272.517 280.216 274.057 285.604 311.008 
325.635 341.032 334.103 321.016 376.443 390.300 358.737 394.149 
412.625 401.078 448.807 440.339 462.664 511.162 512.702 528.868 
565.050 570.439 583.526 655.889 635.104 675.904 668.976 724.403 
742.109 789.838 804.465 899.153 873.749 891.455 926.867 1017.706 
1050.808 1083.141 1153.965 1103.156 1183.218 1224.788 1288.684 1324.095 
1371.824 1446.497 1470.362 1441.878 1462.663 1510.393 1517.321 1585.065 
1554.272 1578.907 1545.804 1658.199 1526.559 1574.288 1551.193 1541.955 
1535.797 1448.807 1433.410 1430.331 1361.047 1372.594 1337.952 1284.834 
1201.694 1214.781 1147.806 1114.704 1093.149 1123.172 1033.102 1020.785 
957.660 959.969 868.360 890.685 832.179 779.831 775.982 749.038 
795.997 749.808 708.237 678.984 709.007 632.794 605.081 635.104 
595.073 531.948 564.280 587.375 561.971 516.551 508.853 520.400 
461.124 483.449 458.814 452.656 465.743 415.704 426.482 440.339 
396.459 427.252 393.379 390.300 400.308 391.070 356.428 357.968 
343.341 397.229 325.635 333.333 319.476 330.254 331.794 317.167 
300.231 344.881 292.533 317.937 294.072 297.152 307.929 269.438 
291.763 257.891 257.121 273.287 284.834 287.914 257.121 257.121 
269.438 258.660 258.660 254.042 236.336 260.970 243.264 244.034 
247.113 244.034 237.105 247.883 253.272 235.566 216.320 220.169 
240.185 210.931 198.614 214.011 197.844 216.320 197.075 208.622 
221.709 206.313 233.256 199.384 224.018 196.305 194.765 199.384 
217.860 206.313 185.527 225.558 193.995 207.852 191.686 175.520 
188.607 202.463 195.535 170.131 173.210 197.844 201.694 202.463 
187.837 184.757 187.067 200.154 177.829 184.757 171.671 181.678 
160.123 174.750 173.210 163.202 176.289 181.678 183.218 177.829 
176.289 179.369 175.520 173.980 177.829 164.742 175.520 171.671 
163.972 163.972 172.440 165.512 160.123 160.123 166.282 167.052 
174.750 170.901 174.750 155.504 160.123 179.369 176.289 159.353 
163.202 150.115 180.139 137.798 176.289 162.433 173.210 148.576 
140.108 157.044 170.901 153.195 171.671 159.353 157.814 157.814 
147.806 173.210 157.044 142.417 150.115 150.115 145.497 147.036 
170.901 160.893 158.584 145.497 166.282 157.814 149.346 167.821 
143.957 158.584 172.440 142.417 139.338 160.123 154.734 174.750 
158.584 153.195 123.172 157.814 160.123 137.798 138.568 130.100 
162.433 131.640 138.312 
77.239 87.760 81.601 93.918 83.911 78.522 86.990 78.522 
91.609 83.911 77.752 85.450 80.062 76.982 77.752 102.386 
83.911 93.918 96.228 87.760 79.292 86.220 83.141 80.062 
70.054 77.752 86.990 81.601 78.522 82.371 80.062 73.133 
80.062 85.450 86.220 78.522 83.141 87.760 72.363 90.069 
94.688 90.839 87.760 73.903 76.982 90.069 74.673 77.752 
90.839 84.681 82.371 92.379 76.212 96.998 76.212 89.299 
99.307 86.220 77.752 97.768 87.760 85.450 84.681 103.156 
93.918 93.149 72.363 88.530 93.918 99.307 96.998 86.220 
97.768 92.379 86.220 83.911 96.998 93.149 84.681 90.069 
100.077 95.458 103.156 109.315 84.681 90.839 92.379 88.530 
107.775 88.530 95.458 93.149 94.688 93.149 97.768 93.149 
99.307 89.299 87.760 90.069 102.386 96.998 101.617 94.688 
92.379 110.085 98.537 102.386 114.704 103.926 96.228 95.458 
98.537 108.545 93.918 104.696 100.847 99.307 95.458 107.005 
114.704 97.768 114.704 95.458 91.609 102.386 110.085 112.394 
121.632 110.085 102.386 111.624 125.481 89.299 93.918 114.704 
97.768 123.172 110.855 101.617 107.775 110.085 108.545 110.855 
105.466 120.092 122.402 107.005 136.259 104.696 104.696 124.711 
132.410 117.783 125.481 126.251 131.640 140.878 138.568 124.711 
142.417 143.957 144.727 137.798 137.028 161.663 171.671 153.195 
154.734 163.972 161.663 173.210 165.512 176.289 155.504 173.980 
167.052 206.313 215.550 173.210 200.924 180.908 179.369 190.916 
210.162 227.868 230.177 230.947 244.034 275.597 314.858 291.763 
275.597 340.262 319.476 367.206 351.809 387.221 426.482 456.505 
490.377 493.456 535.797 528.868 589.684 658.968 696.690 760.585 
826.020 800.616 885.296 1016.936 1121.632 1130.100 1253.272 1356.428 
1433.410 1625.096 1805.235 1852.194 2076.982 2220.939 2368.745 2595.073 
2882.217 3206.313 3391.840 3698.999 4020.015 4371.054 4754.426 4926.097 
5404.927 5904.542 6504.234 6802.925 7487.298 8025.404 8612.009 9375.673 
9775.211 10337.952 10758.275 11193.995 11344.881 11555.042 11785.988 11631.255 
11410.315 10978.445 10574.288 10109.314 9608.929 8994.610 8361.046 7668.206 
7338.722 6688.991 6311.008 5787.529 5434.180 5089.299 4738.260 4366.435 
4056.197 3800.616 3473.441 3279.445 3110.085 2882.217 2686.682 2618.168 
2464.203 2323.326 2123.941 2086.220 1890.685 1826.020 1781.370 1693.610 
1590.454 1485.758 1443.418 1440.339 1316.397 1308.699 1194.765 1131.640 
1107.775 1036.951 1046.703 
