LGT.DCD 
-256903.84375
-40
1
2
81
81
114.228 120.240 108.216 132.265 134.269 138.277 194.389 188.377 
216.433 248.497 302.605 380.762 553.106 629.258 925.852 1118.236 
1517.034 2050.100 2529.058 2769.539 3200.401 3272.545 3074.148 2480.962 
2034.068 1781.563 1380.761 1048.096 861.723 707.415 589.178 384.770 
326.653 254.509 226.453 174.349 146.293 138.277 140.281 124.248 
98.196 96.192 106.212 112.224 108.216 86.172 98.196 92.184 
94.188 86.172 90.180 90.180 84.168 74.148 62.124 68.136 
62.124 82.164 88.176 68.136 78.156 90.180 78.156 76.152 
84.168 80.160 102.204 86.172 86.172 50.100 66.132 66.132 
86.172 76.152 82.164 90.180 70.140 62.124 80.160 92.184 
77.488 
118.236 110.220 120.240 140.281 160.321 154.309 190.381 146.293 
182.365 190.381 212.425 206.413 254.509 244.489 238.477 244.489 
332.665 370.741 332.665 460.922 511.022 567.134 775.551 937.876 
1232.465 1523.046 1933.868 2212.425 2458.918 3306.613 4106.212 5174.349 
6112.224 7268.537 8250.500 9913.827 11374.749 12597.194 12947.895 12709.419 
11755.511 10034.068 8358.717 6813.627 5657.315 4172.344 3402.805 2737.475 
2064.128 1673.347 1302.605 831.663 713.427 563.126 480.962 372.745 
310.621 276.553 252.505 174.349 182.365 160.321 150.301 142.285 
142.285 130.261 118.236 138.277 102.204 124.248 96.192 84.168 
94.188 102.204 110.220 70.140 82.164 80.160 60.120 84.168 
87.508 
