LGT.DCD 
-256903.84375
-40
1
2
61
61
144.811 188.188 172.172 174.174 236.236 256.256 306.306 409.409 
438.438 574.575 719.720 1057.057 1353.353 1807.808 2389.389 3079.079 
3916.917 4754.754 5364.364 5686.686 5369.369 4835.836 3872.873 3112.112 
2413.413 1971.972 1505.505 1314.314 1028.028 859.860 667.668 451.451 
369.369 292.292 220.220 192.192 179.179 150.150 147.147 132.132 
126.126 131.131 105.105 127.127 114.114 101.101 93.093 97.097 
99.099 102.102 83.083 94.094 88.088 93.093 70.070 79.079 
93.093 82.082 80.080 73.073 89.423 
179.513 186.186 196.196 219.219 204.204 220.220 252.252 265.265 
327.327 321.321 350.350 385.385 372.372 432.432 521.521 598.599 
644.645 763.764 921.922 976.977 1259.259 1528.528 1841.842 2390.390 
2949.950 3465.465 3769.769 4665.665 5713.713 7059.059 8630.630 10205.204 
11845.846 13785.785 15788.788 17900.901 19411.410 20637.637 20202.201 19527.526 
17895.894 16292.291 13861.862 11702.702 9782.782 8159.158 6600.600 5470.470 
4411.411 3391.391 2686.687 2129.129 1664.665 1427.427 1049.049 896.897 
825.826 622.623 560.561 448.448 407.074 
