LGT.DCD 
-256903.84375
-25
1
2
61
61
234.902 260.260 257.257 290.290 323.323 337.337 440.440 535.535 
659.660 861.862 1040.040 1398.398 1836.837 2657.657 3490.490 4554.554 
5730.730 7151.151 8558.558 9701.702 10007.006 9169.169 8111.110 6706.706 
5537.537 4386.386 3435.435 2743.744 2264.264 1819.820 1450.450 1072.072 
837.838 638.639 480.480 446.446 377.377 317.317 250.250 279.279 
272.272 221.221 241.241 186.186 193.193 163.163 183.183 164.164 
139.139 158.158 153.153 153.153 133.133 145.145 150.150 153.153 
147.147 112.112 134.134 117.117 135.469 
250.918 234.234 238.238 294.294 319.319 331.331 334.334 389.389 
374.374 468.468 461.461 537.537 580.581 600.601 713.714 790.791 
820.821 983.984 1160.160 1315.315 1583.584 2017.017 2443.443 2886.887 
3683.683 4313.313 4979.980 5954.955 7215.215 8843.843 10955.955 13263.263 
16281.280 19474.473 22909.909 26672.671 30416.415 33068.068 34841.841 35071.070 
33539.538 31034.033 27720.719 24289.288 20810.809 17750.751 15002.001 12258.257 
10018.017 7938.939 6560.560 5315.315 4261.261 3657.657 2853.854 2411.411 
1863.864 1616.617 1363.363 1153.153 975.642 
