LGT.DCD 
-256903.84375
-40
1
2
61
61
213.213 249.249 308.308 328.328 333.333 359.359 425.425 555.556 
614.615 768.769 1018.018 1291.291 1692.693 2176.176 2837.838 3699.699 
4698.698 5651.652 6334.334 6472.472 6043.043 5232.232 4183.183 3371.371 
2640.641 2172.172 1658.659 1292.292 1165.165 1011.011 789.790 670.671 
507.507 399.399 376.376 311.311 284.284 272.272 238.238 221.221 
200.200 206.206 198.198 184.184 140.140 175.175 158.158 164.164 
146.146 143.143 102.102 117.117 144.144 113.113 124.124 141.141 
109.109 129.129 111.111 126.126 121.121 
286.620 312.312 339.339 372.372 421.421 392.392 407.407 473.473 
506.506 506.506 602.603 596.597 704.705 712.713 808.809 908.909 
1035.035 1112.112 1247.247 1560.561 1885.886 2199.199 2558.558 3079.079 
3520.520 4278.278 4980.981 5612.612 6769.769 8180.180 9663.663 11363.363 
13472.472 15540.540 18078.076 21145.144 23988.988 26348.347 28070.069 28752.751 
27779.778 25635.634 22641.641 19513.513 16389.388 13640.640 11219.219 8945.945 
7021.021 5749.749 4492.492 3774.775 2952.953 2473.473 2036.036 1786.787 
1442.442 1224.224 1051.051 939.940 842.509 
