LGT.DCD 
-256903.84375
-25
1
2
61
61
99.766 100.100 121.121 116.116 148.148 151.151 178.178 185.185 
212.212 268.268 348.348 456.456 588.589 822.823 929.930 1170.170 
1354.354 1466.466 1476.476 1397.397 1037.037 833.834 691.692 497.497 
429.429 355.355 297.297 234.234 230.230 178.178 155.155 158.158 
152.152 119.119 116.116 112.112 120.120 96.096 93.093 98.098 
94.094 105.105 91.091 91.091 97.097 93.093 75.075 90.090 
94.094 85.085 75.075 89.089 87.087 83.083 86.086 87.087 
96.096 77.077 91.091 90.090 85.752 
65.065 58.058 66.066 69.069 88.088 76.076 80.080 72.072 
76.076 89.089 88.088 104.104 88.088 91.091 96.096 103.103 
102.102 113.113 120.120 128.128 129.129 159.159 135.135 176.176 
197.197 201.201 240.240 214.214 296.296 300.300 367.367 500.500 
619.620 986.987 1566.567 2546.546 3602.603 4423.423 5076.076 5334.334 
5120.120 4728.729 4356.356 3769.769 3160.160 2599.599 2037.037 1550.551 
1249.249 965.966 839.840 615.616 527.527 455.455 359.359 324.324 
268.268 236.236 200.200 166.166 157.157 
