LGT.DCD 
-256903.84375
-40
1
2
61
61
125.125 125.125 141.141 156.156 171.171 193.193 195.195 283.283 
284.284 348.348 465.465 569.570 726.727 1009.009 1261.261 1630.631 
2052.052 2600.601 3016.016 3392.392 3242.242 2958.959 2521.521 1988.989 
1538.539 1264.264 971.972 856.857 694.695 585.586 462.462 366.366 
314.314 248.248 211.211 173.173 166.166 159.159 123.123 116.116 
116.116 115.115 127.127 136.136 103.103 98.098 101.101 104.104 
103.103 113.113 101.101 89.089 101.101 104.104 96.096 82.082 
102.102 100.100 94.094 89.089 88.088 
93.427 100.100 102.102 113.113 113.113 105.105 92.092 152.152 
136.136 135.135 160.160 151.151 171.171 163.163 180.180 218.218 
260.260 252.252 287.287 314.314 417.417 475.475 640.641 722.723 
863.864 1057.057 1223.223 1331.331 1526.526 2231.231 2858.859 3421.421 
4212.212 5293.293 6508.508 7894.895 9392.392 10693.694 11419.419 11711.711 
11415.415 10619.619 9358.358 8047.046 6784.784 5713.713 4585.585 3709.709 
2923.924 2239.239 1752.753 1417.417 1136.136 963.964 742.743 591.592 
530.530 424.424 353.353 280.280 272.940 
