LGT.DCD 
-256903.84375
-40
1
2
61
61
141.808 151.151 152.152 169.169 162.162 153.153 161.161 163.163 
164.164 194.194 197.197 219.219 225.225 240.240 270.270 305.305 
353.353 389.389 506.506 571.572 728.729 946.947 1252.252 1603.604 
2178.178 2881.882 3650.651 4786.786 5976.977 7085.085 8159.158 8253.253 
7834.835 7054.054 5826.827 4837.837 3870.871 3206.206 2635.635 2157.157 
1766.767 1476.476 1140.140 856.857 640.641 530.530 456.456 368.368 
313.313 261.261 280.280 239.239 175.175 195.195 171.171 167.167 
186.186 146.146 134.134 145.145 133.800 
186.854 183.183 205.205 198.198 223.223 208.208 237.237 215.215 
291.291 261.261 258.258 283.283 295.295 326.326 318.318 367.367 
351.351 438.438 422.422 498.498 499.499 505.505 586.587 650.651 
726.727 794.795 893.894 1030.030 1165.165 1318.318 1545.546 1774.775 
2190.190 2688.689 3266.266 4015.015 4756.757 5602.602 6536.536 7635.635 
9215.215 11132.132 13726.726 15943.943 19600.600 22410.409 26199.198 29868.868 
33258.257 35472.471 36297.297 35361.361 32801.802 28995.995 25316.315 21299.298 
18092.092 14793.793 12117.116 9512.512 7645.645 
