LGT.DCD 
-256903.84375
-40
1
2
61
61
150.484 168.168 176.176 170.170 189.189 236.236 220.220 305.305 
336.336 388.388 507.507 604.605 828.829 1065.065 1420.420 1855.856 
2416.416 3030.030 3864.865 4772.773 5974.975 6673.673 7267.267 7067.067 
6150.150 5143.143 4240.240 3363.363 2639.639 2097.097 1756.757 1415.415 
1194.194 890.891 672.673 546.546 390.390 324.324 239.239 247.247 
235.235 220.220 197.197 170.170 129.129 134.134 125.125 131.131 
113.113 122.122 112.112 126.126 128.128 98.098 124.124 103.103 
115.115 109.109 107.107 100.100 102.436 
197.197 214.214 230.230 207.207 245.245 263.263 261.261 275.275 
321.321 352.352 352.352 379.379 440.440 441.441 501.501 564.565 
594.595 689.690 691.692 840.841 973.974 1083.083 1309.309 1557.558 
1953.954 2508.508 3195.195 3694.695 4461.461 5165.165 5977.977 7313.313 
9154.153 11015.014 13266.265 15604.604 18469.468 21538.537 24553.551 26743.743 
28542.542 29228.226 28150.149 26094.092 23352.351 20128.127 17384.383 14462.462 
12010.009 9456.456 7644.644 6079.079 4676.677 3618.619 2863.864 2271.271 
1848.849 1486.486 1228.228 1027.027 875.209 
