LGT.DCD 
-256903.84375
-40
1
2
61
61
154.821 166.166 170.170 152.152 207.207 221.221 238.238 262.262 
295.295 391.391 440.440 592.593 795.796 981.982 1398.398 1964.965 
2643.643 3656.657 4461.461 5529.529 6251.251 6326.326 5728.728 4787.788 
3774.775 2981.982 2452.452 1994.995 1606.607 1236.236 1144.144 875.876 
764.765 578.579 448.448 306.306 247.247 254.254 188.188 201.201 
167.167 153.153 160.160 154.154 115.115 121.121 109.109 119.119 
109.109 113.113 105.105 94.094 104.104 99.099 106.106 94.094 
109.109 97.097 100.100 97.097 85.419 
236.236 238.238 261.261 277.277 304.304 325.325 374.374 359.359 
390.390 442.442 472.472 495.495 552.553 586.587 631.632 685.686 
775.776 916.917 994.995 1195.195 1443.443 1800.801 2234.234 2748.749 
3210.210 4019.019 4649.649 5489.489 6207.207 6974.975 8722.723 10642.642 
12435.435 14549.548 17082.082 19647.647 22857.858 26010.009 28550.549 30036.034 
31302.300 29828.827 27896.895 24652.652 21084.083 17403.403 14371.371 11269.268 
8827.827 6826.827 5380.380 4052.052 3153.153 2460.460 2054.054 1637.638 
1330.330 1058.058 913.914 798.799 678.011 
