LGT.DCD 
-256903.84375
-40
1
2
61
61
116.450 122.122 122.122 146.146 132.132 168.168 152.152 178.178 
249.249 281.281 375.375 468.468 585.586 822.823 1147.147 1476.476 
1869.870 2412.412 2875.876 3391.391 3240.240 3035.035 2607.607 2138.138 
1677.678 1336.336 1034.034 825.826 645.646 670.671 488.488 406.406 
318.318 256.256 193.193 168.168 141.141 127.127 123.123 108.108 
102.102 101.101 94.094 99.099 91.091 90.090 94.094 79.079 
89.089 85.085 78.078 71.071 80.080 90.090 83.083 84.084 
72.072 88.088 66.066 83.083 77.411 
176.176 166.166 211.211 209.209 239.239 225.225 241.241 279.279 
319.319 310.310 343.343 346.346 377.377 391.391 455.455 476.476 
489.489 606.607 670.671 777.778 987.988 1120.120 1469.469 1824.825 
2133.133 2579.579 2773.774 3180.180 3605.605 4590.590 5421.421 6265.265 
7333.333 8321.321 9829.830 11381.380 12452.452 13813.814 14545.545 14842.842 
13705.705 12547.547 10630.630 8643.643 7028.028 5587.587 4261.261 3315.315 
2481.481 1969.970 1549.550 1184.184 939.940 682.683 547.547 455.455 
414.414 334.334 291.291 285.285 238.906 
