LGT.DCD 
-256903.84375
-40
1
2
61
61
151.818 167.167 190.190 161.161 168.168 178.178 224.224 286.286 
328.328 393.393 499.499 637.638 784.785 1107.107 1460.460 1984.985 
2563.563 3378.378 4390.390 5543.543 6420.420 6979.980 7102.102 6455.455 
5607.608 4696.697 3616.617 2926.927 2527.527 1983.984 1651.652 1418.418 
1039.039 815.816 663.664 513.513 419.419 355.355 253.253 231.231 
222.222 210.210 145.145 171.171 159.159 138.138 136.136 120.120 
111.111 92.092 111.111 115.115 108.108 104.104 103.103 96.096 
105.105 117.117 102.102 86.086 101.435 
180.514 206.206 213.213 221.221 258.258 242.242 280.280 299.299 
301.301 330.330 363.363 387.387 439.439 447.447 515.515 605.606 
655.656 743.744 867.868 1012.012 1234.234 1557.558 1932.933 2326.326 
2770.771 3443.443 4227.227 4894.895 5577.577 6225.225 7161.161 9201.201 
11380.380 13225.225 15431.431 18198.197 21002.002 23866.866 26701.701 28795.794 
29335.333 29279.278 27466.466 24251.250 20918.918 18082.082 14777.777 12142.142 
9722.723 7367.367 5629.629 4430.430 3501.501 2795.796 2189.189 1723.724 
1311.311 1102.102 867.868 728.729 608.942 
