LGT.DCD 
-256903.84375
-40
1
2
61
61
226.226 273.273 292.292 319.319 312.312 364.364 413.413 462.462 
642.643 842.843 1026.026 1414.414 1657.658 2357.357 3097.097 4031.031 
5210.210 6838.839 8298.297 10087.086 10710.710 10483.483 9316.316 7719.720 
6122.122 4740.741 3902.903 2936.937 2429.429 1974.975 1496.496 1195.195 
814.815 663.664 571.572 446.446 372.372 389.389 310.310 281.281 
255.255 263.263 228.228 205.205 218.218 198.198 162.162 182.182 
151.151 148.148 144.144 197.197 140.140 155.155 145.145 145.145 
146.146 171.171 136.136 152.152 125.792 
227.227 250.250 253.253 313.313 294.294 330.330 321.321 355.355 
365.365 411.411 455.455 465.465 504.504 542.542 666.667 716.717 
813.814 882.883 1058.058 1248.248 1415.415 1761.762 2454.454 3031.031 
3720.721 4642.642 5406.406 6230.230 7287.287 9383.383 12105.105 14817.817 
17793.794 21358.357 25408.408 29925.925 33728.728 37040.037 38949.949 37896.895 
35924.925 32370.367 28475.474 24782.782 21085.084 17497.497 14637.637 12019.019 
9692.692 7922.923 6191.191 5009.009 4120.120 3413.413 2660.661 2180.180 
1819.820 1567.568 1233.233 1091.091 905.239 
