LGT.DCD 
-256903.84375
-40
1
2
61
61
192.526 174.174 204.204 198.198 219.219 255.255 326.326 376.376 
458.458 500.500 683.684 887.888 1255.255 1504.504 1958.959 2777.778 
3612.613 4705.705 5833.833 7007.007 7746.746 8078.078 7909.909 6767.768 
5903.904 4829.829 3722.723 3113.113 2646.647 1984.985 1751.752 1447.447 
1123.123 813.814 684.685 556.557 419.419 322.322 279.279 244.244 
223.223 199.199 186.186 185.185 158.158 152.152 162.162 134.134 
139.139 126.126 132.132 130.130 129.129 122.122 135.135 150.150 
128.128 126.126 104.104 122.122 118.785 
250.584 258.258 281.281 289.289 326.326 333.333 368.368 359.359 
406.406 442.442 441.441 482.482 552.553 612.613 687.688 774.775 
874.875 949.950 1157.157 1299.299 1603.604 2020.020 2373.373 3053.053 
3704.705 4428.428 5197.197 6434.434 7040.040 7733.733 10074.073 12479.479 
15112.111 17904.904 21333.333 24990.990 28637.637 32318.316 35105.105 36863.863 
36920.920 35044.043 31881.880 27643.643 23830.830 20184.184 16722.722 13492.492 
10739.739 8181.181 6446.446 5009.009 3900.901 3082.082 2412.412 1995.996 
1582.583 1240.240 1021.021 844.845 741.074 
