LGT.DCD 
-256903.84375
-40
1
2
61
61
178.178 184.184 166.166 209.209 210.210 243.243 268.268 275.275 
384.384 500.500 627.628 844.845 1082.082 1446.446 1882.883 2576.576 
3464.464 4443.443 5770.770 6708.708 7468.468 7657.657 7214.214 6277.277 
5185.185 4130.130 3240.240 2605.605 1983.984 1657.658 1447.447 1140.140 
912.913 688.689 521.521 410.410 343.343 303.303 272.272 263.263 
180.180 209.209 153.153 197.197 155.155 162.162 134.134 154.154 
128.128 124.124 150.150 127.127 128.128 122.122 103.103 124.124 
124.124 126.126 115.115 123.123 107.107 
156.156 154.154 186.186 188.188 203.203 225.225 228.228 247.247 
268.268 276.276 318.318 345.345 335.335 406.406 401.401 493.493 
539.539 606.607 716.717 851.852 1042.042 1277.277 1605.606 1874.875 
2327.327 2855.856 3505.505 4184.184 4570.570 5515.515 7285.285 9018.017 
10812.812 13498.498 15841.841 18687.686 21821.820 24697.697 26918.917 28011.010 
27497.496 25850.850 23844.844 21109.109 18101.100 15207.207 12525.524 10464.464 
7984.984 6310.310 4665.665 3887.888 3050.050 2364.364 1815.816 1553.554 
1266.266 920.921 794.795 686.687 592.259 
