LGT.DCD 
-256903.84375
-35
1
2
56
56
55.389 60.060 47.047 62.062 75.075 58.058 59.059 59.059 
75.075 53.053 53.053 59.059 61.061 74.074 56.056 49.049 
50.050 59.059 56.056 60.060 72.072 55.055 52.052 54.054 
57.057 54.054 57.057 56.056 66.066 63.063 56.056 67.067 
50.050 69.069 63.063 55.055 60.060 53.053 65.065 58.058 
67.067 69.069 65.065 66.066 70.070 63.063 70.070 55.055 
59.059 62.062 67.067 50.050 57.057 43.043 59.059 66.066 
4751.752 5190.190 5584.584 6226.226 6847.848 7520.520 8251.251 9141.141 
10268.268 11534.534 12905.905 14367.367 15599.599 17274.274 18709.708 20343.343 
21621.621 22482.482 23045.045 23452.451 23297.295 22740.739 21738.738 20864.863 
19185.184 17516.515 15674.674 13769.769 12238.238 10877.878 9474.474 8157.157 
7504.504 6600.600 6135.135 5383.383 5036.036 4768.769 4367.367 4104.104 
3797.797 3625.625 3352.352 3145.145 3001.001 2910.911 2664.665 2658.659 
2512.512 2427.427 2281.281 2166.166 2051.051 2071.071 1963.964 1909.576 
