LGT.DCD 
-256903.84375
-35
1
2
56
56
65.732 53.053 69.069 80.080 49.049 68.068 61.061 47.047 
58.058 78.078 59.059 61.061 61.061 55.055 75.075 66.066 
57.057 64.064 67.067 56.056 53.053 61.061 59.059 56.056 
57.057 64.064 57.057 58.058 55.055 59.059 59.059 63.063 
46.046 60.060 61.061 55.055 59.059 57.057 59.059 54.054 
62.062 61.061 57.057 54.054 53.053 65.065 69.069 51.051 
58.058 47.047 65.065 61.061 62.062 64.064 52.052 56.723 
8568.234 7941.941 7050.050 6732.732 6097.097 5781.781 5354.354 4872.873 
4634.634 4387.387 4156.156 3881.882 3670.671 3565.565 3157.157 3021.021 
2846.847 2877.878 2640.641 2511.511 2392.392 2308.308 2226.226 2156.156 
1935.936 1925.926 1782.783 1786.787 1668.669 1685.686 1646.647 1600.601 
1436.436 1409.409 1419.419 1394.394 1278.278 1292.292 1216.216 1176.176 
1161.161 1142.142 1098.098 1063.063 1034.034 1036.036 1032.032 956.957 
919.920 869.870 925.926 881.882 845.846 857.858 802.803 795.462 
