LGT.DCD 
-256903.84375
-35
1
2
56
56
63.397 60.060 53.053 68.068 64.064 55.055 73.073 61.061 
61.061 58.058 67.067 58.058 64.064 53.053 52.052 57.057 
46.046 54.054 60.060 58.058 64.064 50.050 59.059 49.049 
63.063 62.062 59.059 72.072 54.054 64.064 57.057 56.056 
55.055 68.068 60.060 63.063 73.073 68.068 78.078 61.061 
55.055 70.070 81.081 48.048 58.058 68.068 69.069 57.057 
51.051 51.051 69.069 60.060 50.050 56.056 62.062 64.731 
2540.540 2677.678 2863.864 2985.986 3034.034 3196.196 3350.350 3692.693 
3938.939 4032.032 4417.417 4614.614 4880.881 5210.210 5640.640 6052.052 
6605.605 7303.303 7974.975 8822.822 10021.020 11059.059 12243.243 14497.497 
16180.179 18383.382 20906.905 23011.010 25561.560 27042.040 29064.063 29811.810 
29812.811 29048.047 27687.686 26025.023 24043.042 21751.750 20020.019 17800.799 
15965.965 14193.193 13001.001 11541.541 10511.511 9744.744 9026.025 8474.475 
7678.678 7114.114 6812.812 6298.298 5838.839 5354.354 5108.108 4857.524 
