LGT.DCD 
-256903.84375
-40
1
2
61
61
107.774 113.113 107.107 118.118 134.134 186.186 203.203 255.255 
291.291 359.359 535.535 643.644 811.812 898.899 1086.086 1179.179 
1164.164 1059.059 824.825 691.692 542.542 457.457 305.305 233.233 
214.214 180.180 164.164 126.126 144.144 129.129 120.120 109.109 
116.116 102.102 90.090 104.104 96.096 93.093 100.100 109.109 
83.083 85.085 109.109 97.097 104.104 97.097 84.084 94.094 
78.078 101.101 77.077 85.085 79.079 91.091 80.080 94.094 
76.076 83.083 72.072 73.073 88.088 
66.733 79.079 61.061 58.058 78.078 80.080 74.074 58.058 
74.074 78.078 73.073 80.080 86.086 67.067 86.086 84.084 
97.097 109.109 113.113 129.129 114.114 129.129 134.134 176.176 
151.151 201.201 219.219 279.279 297.297 378.378 486.486 680.681 
1071.071 1682.683 2424.424 3170.170 3760.761 4232.232 4273.273 3923.924 
3697.697 3168.168 2560.560 2135.135 1679.680 1357.357 1119.119 843.844 
721.722 559.560 498.498 397.397 308.308 261.261 222.222 205.205 
159.159 154.154 148.148 134.134 132.466 
