LGT.DCD 
-256903.84375
-40
1
2
61
61
179.513 203.203 206.206 239.239 257.257 264.264 334.334 371.371 
503.503 674.675 758.759 988.989 1414.414 1967.968 2741.742 3705.705 
4744.745 5950.951 6609.609 7121.121 6882.883 5958.959 5005.005 3972.973 
3065.065 2513.513 1985.986 1537.538 1369.369 1213.213 963.964 748.749 
590.591 445.445 378.378 316.316 288.288 230.230 210.210 205.205 
165.165 166.166 156.156 152.152 162.162 165.165 123.123 134.134 
120.120 107.107 109.109 117.117 111.111 133.133 107.107 110.110 
117.117 110.110 112.112 105.105 101.768 
314.648 359.359 371.371 384.384 430.430 447.447 483.483 515.515 
565.566 644.645 620.621 723.724 783.784 883.884 992.993 1119.119 
1188.188 1418.418 1691.692 2058.058 2452.452 3034.034 3708.709 4510.510 
5238.238 6378.378 7369.369 8078.078 9903.903 11983.983 14229.228 16614.614 
19518.518 22760.760 26240.239 30486.485 33061.060 36287.287 37580.580 37333.330 
36013.010 32465.464 28456.456 24266.265 19965.964 16183.183 13157.156 10261.260 
7732.732 6007.007 4870.871 3836.837 3091.091 2494.494 1984.985 1619.620 
1379.379 1186.186 988.989 857.858 750.417 
