LGT.DCD 
-256903.84375
-40
1
2
61
61
223.891 253.253 270.270 283.283 347.347 370.370 455.455 523.523 
684.685 846.847 1079.079 1319.319 1845.846 2388.388 3365.365 4422.422 
5516.516 6879.880 7982.983 8430.430 8111.110 7210.210 6037.037 4682.682 
3708.709 2959.960 2386.386 1909.910 1699.700 1381.381 1067.067 866.867 
664.665 528.528 448.448 374.374 315.315 310.310 264.264 217.217 
210.210 226.226 191.191 170.170 157.157 184.184 173.173 161.161 
140.140 127.127 121.121 149.149 138.138 158.158 148.148 145.145 
131.131 104.104 120.120 105.105 125.792 
333.667 353.353 381.381 422.422 423.423 491.491 449.449 515.515 
579.580 613.614 669.670 728.729 809.810 920.921 976.977 1023.023 
1303.303 1382.382 1715.716 2012.012 2366.366 2991.992 3628.629 4361.361 
5224.224 6149.149 7185.185 7890.891 9829.830 11883.883 14153.153 16681.682 
19473.472 22825.826 26113.112 30040.040 33670.668 37651.652 40516.516 39856.855 
38684.683 35097.094 30807.806 26511.510 22679.679 18208.207 14551.551 11427.427 
9251.251 7276.276 5889.889 4758.758 3779.779 3120.120 2511.511 2049.049 
1741.742 1585.586 1235.235 1122.122 994.661 
