LGT.DCD 
-256903.84375
-40
1
2
71
71
135.469 130.130 137.137 137.137 165.165 141.141 164.164 151.151 
172.172 172.172 197.197 202.202 209.209 181.181 219.219 213.213 
237.237 261.261 259.259 298.298 330.330 436.436 478.478 597.598 
729.730 873.874 1219.219 1558.559 2136.136 2869.870 3707.707 4864.865 
6064.064 7198.198 8538.539 9180.180 9287.287 8517.517 7350.350 6156.156 
5082.082 4152.152 3341.341 2763.764 2322.322 1827.828 1544.545 1128.128 
866.867 674.675 549.549 429.429 395.395 338.338 283.283 258.258 
268.268 203.203 218.218 205.205 189.189 168.168 160.160 152.152 
150.150 143.143 165.165 148.148 131.131 118.118 130.797 
158.492 171.171 170.170 184.184 183.183 184.184 230.230 198.198 
214.214 237.237 240.240 242.242 262.262 246.246 289.289 285.285 
295.295 336.336 315.315 339.339 389.389 440.440 446.446 474.474 
531.531 545.545 579.580 709.710 730.731 756.757 944.945 1014.014 
1162.162 1295.295 1543.544 1763.764 2188.188 2681.682 3254.254 3847.848 
4720.721 5607.608 6431.431 7601.601 9100.100 10906.907 13465.465 16310.310 
19248.248 22905.906 26855.855 30761.761 34076.075 36833.834 37913.912 38328.325 
36199.198 32798.796 28891.890 25458.457 21345.344 18172.172 14877.877 12231.231 
9959.960 8144.144 6603.604 5348.348 4223.223 3436.436 2875.876 
