LGT.DCD 
-256903.84375
-40
1
2
61
61
131.798 144.144 139.139 160.160 178.178 185.185 212.212 228.228 
290.290 353.353 456.456 517.517 748.749 956.957 1272.272 1797.798 
2420.420 3193.193 4088.088 4899.900 5675.676 5688.688 5372.372 4393.393 
3684.685 2816.817 2308.308 1929.930 1587.588 1307.307 1094.094 849.850 
615.616 484.484 387.387 287.287 234.234 215.215 161.161 146.146 
160.160 138.138 132.132 139.139 102.102 123.123 117.117 90.090 
93.093 102.102 107.107 95.095 108.108 94.094 109.109 90.090 
81.081 91.091 89.089 84.084 80.080 
160.827 187.187 190.190 186.186 200.200 241.241 236.236 265.265 
273.273 278.278 315.315 323.323 356.356 424.424 457.457 493.493 
541.541 644.645 800.801 886.887 1129.129 1383.383 1710.711 2151.151 
2672.673 3156.156 3668.669 4203.203 4486.486 5494.494 7009.009 8468.468 
9797.798 11601.601 13403.403 15510.510 17476.476 19438.437 21014.012 21105.103 
20836.837 19411.410 17164.163 14613.613 12470.470 10103.102 8107.107 6522.522 
5130.130 3948.949 3018.018 2359.359 1732.733 1365.365 1141.141 867.868 
767.768 582.583 486.486 407.407 382.049 
