LGT.DCD 
-256903.84375
-25
1
2
51
51
17.684 26.026 20.020 32.032 31.031 12.012 23.023 18.018 
19.019 22.022 28.028 19.019 13.013 31.031 25.025 24.024 
18.018 23.023 20.020 18.018 19.019 24.024 24.024 19.019 
16.016 16.016 22.022 23.023 26.026 22.022 21.021 16.016 
20.020 24.024 18.018 23.023 21.021 18.018 22.022 22.022 
24.024 18.018 20.020 25.025 33.033 23.023 25.025 16.016 
19.019 17.017 20.020 
1564.898 1646.647 1738.739 1865.866 1967.968 2087.087 2180.180 2308.308 
2347.347 2638.639 2769.770 2909.910 3157.157 3495.495 3719.719 4132.132 
4463.463 4883.884 5143.143 5838.839 6043.043 6638.638 7022.022 7396.396 
7417.417 8050.049 7864.864 7995.996 7480.480 7551.551 6993.993 6840.840 
6340.340 5976.977 5379.379 5096.096 4735.736 4380.380 4090.090 3883.884 
3632.633 3408.408 3266.266 3007.007 2815.816 2615.615 2504.504 2322.322 
2242.242 2190.190 2061.061 
