LGT.DCD 
-256903.84375
-25
1
2
61
61
171.838 176.176 170.170 191.191 190.190 200.200 223.223 268.268 
286.286 311.311 410.410 456.456 607.608 746.747 1096.096 1447.447 
1929.930 2486.486 3278.278 4158.158 5266.266 6399.399 7433.433 8090.089 
7943.944 7262.262 6073.073 5043.043 3892.893 3163.163 2535.535 2053.053 
1660.661 1327.327 975.976 730.731 596.597 445.445 364.364 330.330 
285.285 238.238 240.240 218.218 214.214 194.194 173.173 173.173 
183.183 165.165 153.153 161.161 153.153 130.130 143.143 136.136 
117.117 117.117 143.143 125.125 124.791 
171.505 190.190 188.188 178.178 210.210 224.224 226.226 231.231 
237.237 266.266 294.294 277.277 316.316 346.346 337.337 397.397 
459.459 448.448 518.518 559.560 638.639 761.762 843.844 1024.024 
1240.240 1431.431 1866.867 2305.305 2792.793 3330.330 3946.947 4459.459 
5473.473 6962.963 8616.616 10659.659 13149.148 15818.818 18754.754 22029.029 
24701.701 27174.172 28100.098 27765.765 26221.221 23895.894 20927.926 18305.305 
15652.652 13088.087 10863.863 8601.601 6883.884 5452.452 4385.385 3399.399 
2826.827 2300.300 1845.846 1415.415 1200.200 
