LGT.DCD 
-256903.84375
-25
1
2
51
51
39.373 43.043 35.035 48.048 40.040 41.041 39.039 44.044 
38.038 36.036 49.049 44.044 29.029 51.051 35.035 38.038 
39.039 42.042 34.034 36.036 38.038 37.037 36.036 36.036 
26.026 34.034 38.038 29.029 37.037 43.043 38.038 39.039 
38.038 39.039 45.045 33.033 28.028 35.035 36.036 33.033 
46.046 34.034 35.035 33.033 40.040 28.028 52.052 34.034 
41.041 38.038 38.705 
2748.749 2863.864 3115.115 3430.430 3695.695 3940.941 4285.285 4719.720 
5146.146 5829.829 6427.427 7039.039 8132.132 8909.910 9874.875 11510.510 
12484.484 13833.833 15089.089 16129.129 16528.527 16983.983 16822.822 16512.511 
15662.662 15114.113 14167.166 13099.099 12169.169 10776.776 9836.836 8925.926 
8171.171 7445.445 6619.620 5977.977 5522.522 5194.194 4745.745 4343.343 
4122.122 3684.685 3590.590 3322.322 3206.206 3014.014 2826.827 2529.529 
2422.422 2284.284 2247.247 
