LGT.DCD 
-256903.84375
-40
1
2
61
61
160.494 181.181 170.170 193.193 247.247 276.276 338.338 409.409 
528.528 665.666 877.878 1116.116 1496.496 2099.099 2687.688 3401.401 
4263.263 4919.920 5335.335 5505.505 5204.204 4402.402 3591.591 2872.873 
2191.191 1817.818 1439.439 1155.155 1009.009 722.723 576.577 449.449 
406.406 298.298 263.263 233.233 212.212 194.194 186.186 139.139 
145.145 151.151 113.113 144.144 121.121 119.119 137.137 105.105 
133.133 115.115 111.111 109.109 119.119 109.109 114.114 98.098 
104.104 101.101 109.109 89.089 97.097 
141.475 156.156 158.158 160.160 176.176 189.189 199.199 215.215 
221.221 239.239 282.282 249.249 292.292 339.339 343.343 436.436 
514.514 591.592 702.703 807.808 1007.007 1222.222 1537.538 1865.866 
2108.108 2643.643 2998.999 3445.445 4768.769 5804.805 7268.268 8650.651 
10386.385 12385.385 14706.706 16799.798 18505.504 19748.748 19931.932 18928.927 
17604.604 15434.434 13244.244 11155.155 9087.086 7452.452 5875.876 4630.630 
3621.621 2834.835 2237.237 1765.766 1437.437 1153.153 847.848 717.718 
595.596 517.517 417.417 350.350 329.329 
