LGT.DCD 
-256903.84375
-40
1
2
61
61
216.550 208.208 231.231 256.256 303.303 326.326 342.342 385.385 
407.407 589.590 685.686 916.917 1243.243 1520.520 2112.112 2831.832 
3837.838 4983.984 6075.075 7272.272 7747.748 7816.816 6864.865 5657.657 
4629.629 3665.665 2890.891 2342.342 1811.812 1470.470 1396.396 1111.111 
897.898 681.682 573.574 453.453 362.362 330.330 303.303 249.249 
240.240 220.220 200.200 172.172 183.183 166.166 164.164 155.155 
139.139 135.135 137.137 136.136 118.118 140.140 120.120 129.129 
127.127 116.116 113.113 119.119 125.125 
318.652 366.366 356.356 402.402 436.436 394.394 506.506 528.528 
576.577 547.547 651.652 718.719 736.737 808.809 833.834 988.989 
1130.130 1270.270 1442.442 1639.640 2049.049 2385.385 2974.975 3707.707 
4407.407 5042.042 6265.265 7037.037 8073.073 9737.737 11771.771 13834.834 
16477.477 19059.058 22688.687 25999.999 29535.534 33357.355 37496.496 39942.942 
40700.697 39339.338 35871.870 32434.431 27811.810 23337.336 19476.476 15615.615 
12463.463 9956.956 7611.611 6133.133 4942.943 3977.978 3244.244 2737.738 
2213.213 1777.778 1573.574 1371.371 1121.121 
