LGT.DCD 
-256903.84375
-35
1
2
56
56
63.397 65.065 46.046 52.052 68.068 70.070 80.080 60.060 
56.056 53.053 65.065 63.063 55.055 58.058 59.059 58.058 
65.065 44.044 73.073 67.067 47.047 50.050 79.079 67.067 
67.067 47.047 51.051 58.058 74.074 60.060 70.070 68.068 
62.062 51.051 59.059 50.050 62.062 58.058 51.051 82.082 
57.057 59.059 62.062 49.049 51.051 62.062 49.049 63.063 
45.045 71.071 56.056 49.049 46.046 56.056 51.051 66.733 
3032.699 3187.187 3312.312 3531.531 3730.731 3917.918 4287.287 4456.456 
4902.903 5039.039 5665.665 5928.929 6511.511 7199.199 7837.837 8650.651 
9569.569 10711.711 11818.818 13070.070 14846.846 16477.477 18395.394 20307.307 
22410.409 24075.074 25787.787 27029.029 27579.579 27693.692 26773.772 25303.302 
23556.556 21667.666 19191.190 17605.605 15986.986 14260.260 12729.729 11575.575 
10620.620 9685.686 8912.913 8269.269 7599.599 6920.921 6725.725 6136.136 
5788.789 5502.502 5144.144 4933.934 4565.565 4415.415 4059.059 3952.619 
