LGT.DCD 
-256903.84375
-40
1
2
61
61
91.091 84.084 111.111 104.104 112.112 114.114 149.149 171.171 
182.182 212.212 278.278 304.304 404.404 515.515 680.681 832.833 
1114.114 1532.532 1935.936 2296.296 2850.851 3271.271 3269.269 2995.996 
2559.559 2088.088 1796.797 1440.440 1181.181 965.966 786.787 632.633 
472.472 374.374 237.237 233.233 165.165 152.152 142.142 117.117 
120.120 110.110 108.108 97.097 103.103 85.085 79.079 89.089 
76.076 95.095 87.087 102.102 77.077 81.081 79.079 82.082 
87.087 90.090 64.064 87.087 75.742 
114.448 132.132 114.114 137.137 137.137 138.138 153.153 156.156 
184.184 188.188 193.193 207.207 201.201 216.216 247.247 263.263 
268.268 293.293 370.370 388.388 453.453 534.534 658.659 810.811 
981.982 1319.319 1516.516 1791.792 2092.092 2521.521 2930.931 3749.749 
4653.653 5351.351 6585.585 7642.642 8969.969 10015.014 11511.511 12243.243 
12318.318 12092.092 11138.137 9576.576 8103.102 6582.582 5125.125 4177.177 
3234.234 2485.485 1906.907 1395.395 1110.110 842.843 651.652 554.555 
443.443 395.395 312.312 245.245 224.892 
