LGT.DCD 
-256903.84375
-40
1
2
61
61
143.143 166.166 177.177 164.164 180.180 203.203 233.233 263.263 
277.277 376.376 454.454 625.626 758.759 973.974 1345.345 1769.770 
2336.336 3076.076 3801.802 4793.793 5685.685 6386.386 6601.601 6272.272 
5178.178 4254.254 3210.210 2639.639 2008.008 1545.546 1351.351 1035.035 
791.792 623.624 523.523 395.395 327.327 318.318 243.243 248.248 
179.179 168.168 179.179 172.172 157.157 158.158 167.167 128.128 
126.126 141.141 155.155 113.113 131.131 132.132 137.137 112.112 
140.140 105.105 99.099 136.136 109.443 
147.814 147.147 121.121 161.161 171.171 177.177 182.182 199.199 
206.206 215.215 229.229 270.270 261.261 301.301 318.318 312.312 
359.359 445.445 416.416 516.516 625.626 658.659 764.765 978.979 
1315.315 1500.500 1882.883 2332.332 2757.758 3255.255 3857.858 4880.881 
6168.168 7734.734 9441.441 11379.379 13568.568 16203.202 18531.531 21055.055 
22797.797 23198.197 22571.570 21066.066 18808.808 16424.424 14240.239 12093.092 
9842.843 7990.991 6297.297 5133.133 3808.809 3078.078 2436.436 1923.924 
1654.655 1252.252 1034.034 918.919 708.041 
