LGT.DCD 
-256903.84375
-40
1
2
61
61
104.104 103.103 121.121 109.109 119.119 123.123 153.153 154.154 
186.186 210.210 279.279 314.314 397.397 499.499 588.589 728.729 
742.743 635.636 631.632 575.576 461.461 363.363 316.316 234.234 
205.205 181.181 146.146 156.156 129.129 120.120 97.097 101.101 
114.114 102.102 88.088 104.104 103.103 94.094 77.077 93.093 
97.097 110.110 88.088 100.100 97.097 89.089 83.083 91.091 
93.093 104.104 83.083 88.088 76.076 69.069 76.076 94.094 
93.093 78.078 84.084 91.091 83.083 
56.056 63.063 69.069 48.048 56.056 80.080 62.062 69.069 
67.067 78.078 76.076 65.065 60.060 73.073 70.070 70.070 
80.080 75.075 79.079 69.069 96.096 79.079 103.103 93.093 
97.097 98.098 109.109 138.138 138.138 130.130 151.151 195.195 
201.201 257.257 322.322 451.451 595.596 883.884 1490.490 2034.034 
2215.215 2489.489 2754.755 2941.942 2925.926 2824.825 2609.609 2253.253 
1886.887 1640.641 1305.305 1050.050 879.880 695.696 620.621 485.485 
366.366 328.328 258.258 263.263 209.209 
