LGT.DCD 
-256903.84375
-40
1
2
61
58
119.119 134.134 116.116 126.126 156.156 143.143 181.181 210.210 
238.238 307.307 350.350 465.465 593.594 728.729 959.960 1104.104 
1362.362 1481.481 1537.538 1479.479 1285.285 983.984 791.792 579.580 
516.516 417.417 321.321 260.260 218.218 207.207 219.219 153.153 
134.134 144.144 139.139 139.139 116.116 123.123 104.104 115.115 
124.124 107.107 113.113 102.102 113.113 94.094 103.103 124.124 
101.101 87.087 91.091 101.101 96.096 96.096 93.093 122.122 
102.102 104.104 
74.074 75.075 88.088 99.099 72.072 80.080 87.087 95.095 
80.080 98.098 76.076 105.105 91.091 87.087 102.102 89.089 
115.115 110.110 141.141 117.117 122.122 143.143 137.137 158.158 
171.171 203.203 223.223 229.229 258.258 252.252 337.337 398.398 
624.625 922.923 1319.319 1948.949 2845.846 3874.875 4983.984 5603.604 
5760.761 5662.662 5103.103 4620.621 4155.155 3370.370 2839.840 2311.311 
1802.803 1359.359 1048.048 883.884 664.665 572.573 469.469 372.372 
300.300 275.275 
