LGT.DCD 
-927992.5
-35
1
2
56
56
126.460 121.121 137.137 105.105 129.129 139.139 163.163 134.134 
128.128 132.132 118.118 119.119 136.136 144.144 124.124 124.124 
138.138 129.129 122.122 123.123 138.138 121.121 148.148 140.140 
141.141 151.151 122.122 131.131 142.142 118.118 137.137 150.150 
120.120 141.141 112.112 149.149 136.136 116.116 116.116 129.129 
139.139 149.149 126.126 149.149 142.142 126.126 144.144 132.132 
122.122 123.123 132.132 127.127 130.130 133.133 132.132 126.793 
1983.650 2094.094 2216.216 2307.307 2398.398 2539.539 2760.761 2897.898 
3036.036 3234.234 3347.347 3767.767 3995.996 4239.239 4545.545 4709.709 
5193.193 5396.396 5907.908 6461.461 6837.837 7365.365 8077.077 8572.572 
9396.396 10211.211 10918.918 11528.528 12425.425 12850.850 14031.030 14466.466 
14922.922 15148.148 15198.198 15450.450 15506.506 15053.052 14726.726 14096.095 
13794.794 12805.806 12103.102 11393.393 10869.870 10096.096 9276.276 8442.442 
7867.868 7190.190 6873.873 6395.395 5802.803 5258.258 5068.068 4665.332 
