LGT.DCD 
-256903.84375
-25
1
2
61
61
123.790 149.149 138.138 162.162 167.167 166.166 225.225 233.233 
265.265 331.331 441.441 620.621 793.794 1012.012 1337.337 1720.721 
2205.205 2618.619 3178.178 3520.520 3720.721 3460.460 2981.982 2433.433 
2048.048 1548.549 1218.218 906.907 756.757 648.649 528.528 385.385 
299.299 252.252 200.200 185.185 167.167 145.145 122.122 145.145 
151.151 121.121 108.108 104.104 110.110 111.111 110.110 113.113 
103.103 113.113 102.102 104.104 99.099 93.093 95.095 94.094 
112.112 92.092 94.094 88.088 91.758 
99.766 101.101 117.117 115.115 137.137 115.115 122.122 126.126 
147.147 146.146 119.119 162.162 199.199 188.188 201.201 221.221 
251.251 255.255 306.306 298.298 414.414 465.465 623.624 727.728 
943.944 1091.091 1378.378 1473.473 1738.739 2294.294 2980.981 3716.717 
4575.575 5574.574 6938.939 8272.272 9602.603 10657.657 11876.876 12234.233 
12213.212 11301.300 10150.150 9031.030 7729.729 6617.617 5425.425 4432.432 
3564.564 2802.803 2248.248 1780.781 1470.470 1192.192 933.934 713.714 
604.605 504.504 442.442 341.341 317.651 
