LGT.DCD 
-256903.84375
-25
1
2
51
51
57.057 47.047 64.064 69.069 56.056 53.053 64.064 65.065 
65.065 59.059 50.050 59.059 65.065 50.050 57.057 60.060 
60.060 63.063 62.062 49.049 56.056 42.042 52.052 67.067 
44.044 59.059 60.060 64.064 55.055 57.057 51.051 56.056 
55.055 70.070 64.064 65.065 68.068 61.061 66.066 52.052 
69.069 59.059 50.050 64.064 41.041 68.068 59.059 63.063 
68.068 57.057 56.056 
5254.254 5749.749 6073.073 6706.706 7262.262 8035.035 8746.747 9760.760 
10998.998 12063.062 13290.289 14829.829 16378.377 18114.114 19572.572 21342.341 
22376.376 23536.536 23929.929 23439.439 22871.871 21393.392 19614.614 18127.126 
16245.244 14543.543 12917.918 11631.631 10276.276 9200.200 8359.359 7748.748 
7136.136 6539.539 6045.045 5522.522 5272.272 4991.992 4664.665 4528.528 
4262.262 3956.957 3669.669 3529.529 3391.391 3380.380 3066.066 2949.950 
2838.839 2734.735 2583.917 
