LGT.DCD 
-256903.84375
-40
1
2
61
61
189.523 201.201 227.227 225.225 272.272 322.322 349.349 451.451 
538.538 688.689 830.831 1033.033 1396.396 1881.882 2664.665 3487.487 
4610.610 5907.908 7504.504 8874.875 9661.662 9935.936 8753.753 7698.698 
6375.375 5131.131 4007.007 3417.417 2536.536 2178.178 1784.785 1403.403 
1042.042 793.794 611.612 510.510 415.415 382.382 282.282 279.279 
260.260 241.241 213.213 199.199 205.205 158.158 152.152 163.163 
155.155 149.149 139.139 151.151 147.147 122.122 125.125 123.123 
123.123 125.125 108.108 142.142 122.789 
223.891 242.242 227.227 259.259 293.293 294.294 335.335 348.348 
379.379 424.424 432.432 479.479 566.567 579.580 645.646 720.721 
876.877 970.971 1152.152 1453.453 1677.678 2135.135 2702.703 3265.265 
4042.042 4971.972 5876.877 6581.581 7150.150 9392.392 12208.208 14758.758 
17620.620 20571.570 24257.256 28085.084 32162.161 35364.363 37675.673 38457.457 
37427.427 34861.861 31599.598 27584.584 23112.111 19436.435 15937.937 12850.850 
10264.264 8179.179 6358.358 4956.957 3888.889 3001.001 2466.466 1990.991 
1552.553 1275.275 1065.065 823.824 717.718 
