LGT.DCD 
-256903.84375
-40
1
2
61
61
124.124 122.122 135.135 158.158 156.156 167.167 191.191 219.219 
281.281 311.311 378.378 520.520 701.702 878.879 1112.112 1503.503 
1818.819 2214.214 2647.647 2836.837 2754.755 2429.429 2021.021 1638.639 
1254.254 1022.022 770.771 634.635 534.534 444.444 413.413 325.325 
279.279 227.227 219.219 169.169 148.148 140.140 148.148 147.147 
112.112 130.130 103.103 110.110 111.111 92.092 104.104 100.100 
102.102 113.113 115.115 105.105 98.098 98.098 108.108 81.081 
88.088 98.098 103.103 98.098 100.434 
88.422 113.113 120.120 118.118 118.118 125.125 113.113 116.116 
130.130 168.168 142.142 139.139 151.151 151.151 203.203 234.234 
206.206 229.229 246.246 311.311 348.348 408.408 501.501 647.648 
791.792 1000.000 1219.219 1441.441 1567.568 1960.961 2499.499 2946.947 
3672.673 4462.462 5553.553 6856.856 7900.900 9565.565 10603.603 11501.501 
11966.966 11501.501 11213.212 9976.977 8610.611 7502.502 6592.592 5306.306 
4487.487 3870.871 3115.115 2535.535 2044.044 1709.710 1289.289 968.969 
781.782 690.691 518.518 501.501 429.763 
