LGT.DCD 
-256903.84375
-40
1
2
61
61
168.502 177.177 198.198 226.226 227.227 254.254 289.289 368.368 
371.371 480.480 637.638 773.774 1017.017 1412.412 1842.843 2544.544 
3380.380 4464.464 5646.646 6509.509 7443.443 7393.393 6556.556 5432.432 
4444.444 3449.449 2801.802 2209.209 1759.760 1401.401 1291.291 1074.074 
812.813 618.619 484.484 378.378 310.310 302.302 272.272 236.236 
212.212 212.212 178.178 177.177 173.173 154.154 134.134 130.130 
148.148 115.115 137.137 140.140 129.129 123.123 110.110 100.100 
106.106 106.106 110.110 112.112 103.103 
296.630 330.330 341.341 374.374 402.402 391.391 474.474 542.542 
504.504 550.551 634.635 641.642 681.682 742.743 890.891 955.956 
1002.002 1205.205 1308.308 1643.644 1940.941 2260.260 2889.890 3469.469 
4329.329 5045.045 5740.741 6784.784 7814.815 9225.225 11260.260 13260.260 
15752.752 18681.682 22263.263 25871.871 30153.151 33909.907 37654.654 39756.754 
40375.372 38430.430 35510.508 31309.308 26941.941 22406.405 18702.703 14909.909 
11748.748 9136.136 7066.066 5428.428 4455.455 3549.549 2835.836 2451.451 
1871.872 1536.537 1289.289 1095.095 1013.347 
