LGT.DCD 
-256903.84375
-25
1
2
61
61
139.473 155.155 162.162 133.133 152.152 168.168 189.189 205.205 
216.216 248.248 309.309 407.407 514.514 619.620 799.800 1047.047 
1434.434 1918.919 2591.591 3205.205 3902.903 4886.887 5465.465 5986.987 
5850.851 5268.268 4362.362 3424.424 2696.697 2036.036 1681.682 1355.355 
1068.068 955.956 674.675 529.529 400.400 319.319 260.260 234.234 
213.213 186.186 199.199 173.173 151.151 146.146 155.155 132.132 
129.129 126.126 118.118 105.105 123.123 128.128 118.118 130.130 
126.126 112.112 120.120 87.087 104.438 
127.127 121.121 149.149 136.136 146.146 160.160 149.149 183.183 
176.176 216.216 196.196 188.188 217.217 248.248 256.256 282.282 
300.300 331.331 364.364 424.424 486.486 513.513 603.604 728.729 
810.811 1051.051 1326.326 1625.626 1911.912 2323.323 2744.745 3204.204 
3846.847 4905.905 6341.341 7754.754 9453.453 11456.456 13794.794 16202.201 
18793.794 20225.224 21025.023 20520.520 19101.100 17175.174 15085.084 12705.705 
10696.696 8941.942 7313.313 5928.929 4630.630 3571.571 2780.781 2235.235 
1825.826 1426.426 1175.175 936.937 818.151 
