LGT.DCD 
-256903.84375
-40
1
2
61
61
230.564 219.219 257.257 243.243 300.300 341.341 415.415 515.515 
546.546 704.705 849.850 1104.104 1390.390 1931.932 2566.566 3545.545 
4494.494 5910.911 7067.067 7972.972 8192.192 7408.408 6365.365 5158.158 
4068.068 3224.224 2634.635 2082.082 1702.703 1487.487 1156.156 906.907 
714.715 579.580 500.500 395.395 348.348 312.312 278.278 291.291 
227.227 196.196 216.216 188.188 184.184 176.176 156.156 167.167 
145.145 160.160 149.149 145.145 146.146 135.135 137.137 141.141 
121.121 120.120 135.135 127.127 124.124 
318.652 305.305 353.353 400.400 428.428 467.467 486.486 485.485 
540.540 562.563 597.598 693.694 724.725 814.815 877.878 1011.011 
1127.127 1248.248 1403.403 1654.655 1988.989 2368.368 2740.741 3457.457 
4079.079 4795.796 5549.549 6456.456 7448.448 9087.086 10934.934 12815.815 
15339.339 17955.955 20824.824 24168.168 27899.899 31380.379 34142.142 35863.863 
36018.015 34579.577 31873.873 27924.924 23834.834 20303.302 16765.765 13597.596 
10884.884 8636.636 6908.909 5550.550 4584.584 3802.803 3001.001 2535.535 
2111.111 1808.809 1428.428 1248.248 1162.829 
