LGT.DCD 
-256903.84375
-40
1
2
61
61
121.788 136.136 179.179 164.164 176.176 170.170 190.190 191.191 
244.244 300.300 415.415 490.490 678.679 871.872 1082.082 1605.606 
2126.126 2881.882 3555.555 4289.289 4853.853 5039.039 4637.637 3728.729 
3022.022 2537.537 1895.896 1473.473 1222.222 915.916 929.930 726.727 
563.564 468.468 331.331 305.305 209.209 202.202 179.179 164.164 
163.163 143.143 133.133 118.118 109.109 132.132 102.102 110.110 
85.085 111.111 119.119 108.108 103.103 95.095 94.094 108.108 
71.071 67.067 87.087 85.085 84.418 
203.871 196.196 187.187 235.235 245.245 251.251 244.244 312.312 
309.309 350.350 363.363 398.398 406.406 444.444 475.475 549.549 
570.571 640.641 778.779 869.870 1054.054 1182.182 1552.553 1880.881 
2454.454 2856.857 3401.401 4038.038 4607.608 5288.288 6460.460 7846.847 
9117.116 10804.804 12687.687 14729.729 17066.066 19418.418 21563.563 22940.940 
23107.106 22081.080 19739.739 17136.136 14253.252 11836.836 9413.413 7074.074 
5381.381 4039.039 3161.161 2461.461 1779.780 1538.539 1151.151 969.970 
777.778 664.665 590.591 506.506 398.398 
