LGT.DCD 
-256903.84375
-25
1
2
61
61
2726.393 3515.515 4994.995 6246.246 7496.496 8641.641 8819.819 8303.303 
7308.308 6076.076 4751.752 3961.962 3194.194 2597.597 2080.080 1875.876 
1363.363 1061.061 814.815 661.662 445.445 366.366 345.345 312.312 
268.268 237.237 231.231 215.215 202.202 176.176 181.181 183.183 
154.154 158.158 162.162 137.137 156.156 114.114 131.131 110.110 
120.120 121.121 110.110 114.114 125.125 115.115 132.132 110.110 
126.126 107.107 118.118 109.109 103.103 108.108 105.105 132.132 
116.116 106.106 106.106 108.108 105.439 
755.756 819.820 971.972 1106.106 1354.354 1699.700 2032.032 2483.483 
3062.062 3860.861 4498.498 5491.491 6406.406 7175.175 8421.421 10648.648 
13165.164 16160.159 18816.815 22036.034 26132.130 30210.209 33845.843 37075.071 
38940.939 39357.355 37676.676 34293.291 30580.578 26418.418 22280.280 18305.305 
15199.198 12183.182 9768.768 7698.698 5920.921 4934.935 3788.789 3046.046 
2538.538 1947.948 1620.621 1359.359 1129.129 934.935 810.811 664.665 
574.575 582.583 448.448 432.432 422.422 396.396 382.382 343.343 
297.297 285.285 256.256 275.275 259.259 
