LGT.DCD 
-256903.84375
-40
1
2
61
61
108.775 111.111 105.105 127.127 129.129 131.131 159.159 184.184 
195.195 222.222 315.315 356.356 467.467 571.572 769.770 1069.069 
1373.373 1734.735 2183.183 2702.703 3136.136 3500.500 3458.458 3224.224 
2739.740 2368.368 1911.912 1489.489 1288.288 989.990 943.944 696.697 
512.512 382.382 321.321 227.227 192.192 145.145 155.155 145.145 
135.135 123.123 123.123 96.096 88.088 91.091 83.083 91.091 
81.081 89.089 72.072 82.082 85.085 94.094 91.091 82.082 
77.077 85.085 72.072 79.079 81.081 
130.464 151.151 160.160 146.146 187.187 174.174 154.154 164.164 
184.184 208.208 233.233 257.257 290.290 270.270 283.283 348.348 
378.378 401.401 478.478 588.589 695.696 831.832 1052.052 1321.321 
1576.577 1886.887 2228.228 2631.631 2808.809 2994.995 3850.851 4864.865 
5733.733 6727.728 7793.793 8895.896 10302.302 11458.458 12567.567 13129.129 
12972.972 12396.396 11202.201 9429.429 7889.889 6281.281 5053.053 3981.982 
2989.990 2269.269 1733.734 1336.336 981.982 772.773 639.640 496.496 
407.407 357.357 265.265 243.243 215.883 
