LGT.DCD 
-256903.84375
-25
1
2
61
61
252.586 230.230 255.255 314.314 316.316 375.375 420.420 533.533 
570.571 755.756 966.967 1213.213 1701.702 2320.320 2945.946 3838.839 
4971.972 6180.180 7670.670 8931.931 9724.724 9943.944 9028.028 7878.879 
6671.672 5432.432 4400.400 3361.361 2784.785 2256.256 1846.847 1529.529 
1101.101 907.908 675.676 495.495 403.403 423.423 318.318 336.336 
252.252 242.242 226.226 216.216 210.210 194.194 177.177 160.160 
157.157 145.145 165.165 165.165 143.143 157.157 113.113 138.138 
128.128 136.136 127.127 126.126 134.801 
269.269 286.286 336.336 325.325 370.370 356.356 395.395 417.417 
448.448 515.515 539.539 577.578 610.611 773.774 786.787 851.852 
993.994 1078.078 1269.269 1405.405 1627.628 2053.053 2545.545 3110.110 
3895.896 4572.572 5325.325 6072.072 7182.182 8902.902 10422.422 13035.035 
15991.991 19041.040 22121.119 26091.090 29950.949 33028.025 35874.872 36808.806 
36335.333 34637.636 31739.739 28471.470 24364.363 21069.068 17700.700 14868.868 
12292.292 9988.988 8075.075 6508.508 5373.373 4386.386 3444.444 2835.836 
2393.393 1917.918 1682.683 1407.407 1125.459 
