LGT.DCD 
-256903.84375
-40
1
2
61
61
176.510 176.176 178.178 181.181 209.209 223.223 240.240 203.203 
275.275 259.259 331.331 359.359 365.365 482.482 540.540 631.632 
782.783 1008.008 1322.322 1657.658 2335.335 3043.043 3730.731 4979.980 
6126.126 7752.752 9178.177 10184.184 10149.148 9172.172 7744.744 6125.125 
5061.061 4061.061 3296.296 2692.693 2180.180 1712.713 1385.385 1047.047 
854.855 656.657 545.545 442.442 381.381 360.360 297.297 272.272 
241.241 228.228 240.240 192.192 203.203 200.200 186.186 153.153 
161.161 156.156 172.172 145.145 143.143 
221.221 258.258 235.235 231.231 265.265 293.293 280.280 300.300 
341.341 345.345 349.349 385.385 422.422 407.407 424.424 519.519 
483.483 569.570 645.646 680.681 751.752 806.807 947.948 1030.030 
1138.138 1359.359 1504.504 1895.896 2347.347 2816.817 3651.651 4547.547 
5490.490 6424.424 7568.568 9105.105 10875.875 13727.727 16904.905 19746.745 
23524.524 27865.864 32180.178 36360.357 39929.930 42059.057 42361.360 40519.518 
37163.160 32949.950 28867.867 24693.692 21121.119 17418.418 14493.492 11529.529 
9217.217 7514.514 5806.807 4691.692 3806.139 
