LGT.DCD 
-256903.84375
-40
1
2
61
61
118.785 118.118 141.141 154.154 139.139 169.169 194.194 227.227 
313.313 310.310 459.459 576.577 738.739 931.932 1246.246 1645.646 
2126.126 2775.776 3005.005 3458.458 3376.376 3109.109 2715.716 2151.151 
1791.792 1345.345 1226.226 957.958 717.718 597.598 485.485 369.369 
283.283 234.234 190.190 156.156 138.138 139.139 105.105 107.107 
116.116 103.103 113.113 102.102 97.097 83.083 86.086 93.093 
97.097 105.105 93.093 88.088 77.077 94.094 94.094 94.094 
89.089 80.080 77.077 87.087 90.424 
137.471 160.160 140.140 159.159 155.155 162.162 173.173 163.163 
219.219 218.218 250.250 222.222 270.270 326.326 297.297 333.333 
354.354 405.405 504.504 565.566 721.722 848.849 1051.051 1355.355 
1724.725 2083.083 2353.353 2790.791 3540.540 4448.448 5398.398 6381.381 
7576.576 9093.092 10367.367 11795.795 12858.858 13289.289 13184.183 11915.915 
10383.383 8695.695 6924.925 5499.499 4435.435 3487.487 2728.729 2154.154 
1622.623 1253.253 991.992 731.732 619.620 471.471 386.386 352.352 
261.261 195.195 199.199 217.217 176.510 
