LGT.DCD 770-260
-8481297
-40
0.5
2
321
321
18.018 20.020 30.030 22.022 24.024 32.032 22.022 20.020 
35.035 28.028 30.030 22.022 20.020 21.021 34.034 32.032 
26.026 25.025 25.025 24.024 18.018 29.029 19.019 32.032 
35.035 24.024 31.031 32.032 24.024 34.034 28.028 27.027 
25.025 24.024 41.041 25.025 23.023 28.028 32.032 36.036 
34.034 27.027 37.037 32.032 28.028 33.033 21.021 29.029 
32.032 35.035 30.030 31.031 31.031 37.037 30.030 36.036 
34.034 29.029 38.038 46.046 46.046 46.046 43.043 49.049 
59.059 51.051 60.060 76.076 84.084 82.082 88.088 108.108 
120.120 164.164 171.171 231.231 255.255 276.276 268.268 217.217 
176.176 124.124 106.106 100.100 67.067 65.065 57.057 63.063 
50.050 56.056 58.058 40.040 58.058 61.061 51.051 46.046 
45.045 50.050 45.045 47.047 51.051 43.043 55.055 46.046 
47.047 45.045 54.054 44.044 42.042 55.055 40.040 52.052 
48.048 50.050 53.053 58.058 47.047 42.042 51.051 43.043 
52.052 50.050 55.055 53.053 52.052 55.055 55.055 62.062 
49.049 56.056 63.063 42.042 61.061 57.057 63.063 59.059 
59.059 62.062 59.059 58.058 79.079 63.063 66.066 75.075 
57.057 77.077 85.085 77.077 72.072 66.066 58.058 82.082 
75.075 79.079 67.067 68.068 80.080 67.067 87.087 69.069 
71.071 73.073 78.078 76.076 71.071 69.069 67.067 74.074 
67.067 64.064 54.054 61.061 56.056 69.069 66.066 52.052 
60.060 52.052 60.060 61.061 58.058 67.067 60.060 56.056 
53.053 50.050 64.064 60.060 61.061 59.059 53.053 48.048 
52.052 45.045 48.048 48.048 38.038 52.052 41.041 47.047 
56.056 56.056 43.043 34.034 45.045 45.045 40.040 41.041 
47.047 52.052 50.050 45.045 36.036 45.045 42.042 39.039 
33.033 34.034 36.036 36.036 45.045 46.046 43.043 35.035 
39.039 33.033 39.039 32.032 38.038 30.030 32.032 32.032 
41.041 28.028 40.040 35.035 42.042 41.041 28.028 32.032 
29.029 53.053 25.025 32.032 26.026 30.030 38.038 23.023 
24.024 32.032 33.033 23.023 27.027 39.039 26.026 39.039 
38.038 23.023 32.032 26.026 24.024 23.023 24.024 31.031 
20.020 25.025 26.026 30.030 16.016 34.034 30.030 35.035 
34.034 22.022 19.019 28.028 27.027 39.039 31.031 17.017 
19.019 36.036 20.020 24.024 22.022 27.027 37.037 25.025 
22.022 13.013 25.025 21.021 26.026 26.026 25.025 19.019 
33.033 22.022 30.030 22.022 23.023 29.029 25.025 20.020 
22.022 28.028 26.026 19.019 30.030 33.033 31.031 19.019 
25.025 28.028 33.033 19.019 27.027 29.029 26.026 12.012 
21.021 
247.247 258.258 249.249 280.280 246.246 233.233 296.296 298.298 
268.268 276.276 323.323 345.345 329.329 296.296 365.365 307.307 
322.322 369.369 388.388 382.382 393.393 417.417 376.376 364.364 
389.389 424.424 437.437 455.455 433.433 492.492 488.488 476.476 
557.558 498.498 535.535 549.549 639.640 580.581 615.616 657.658 
636.637 705.706 673.674 682.683 729.730 885.886 821.822 820.821 
982.983 1061.061 1071.071 1057.057 1089.089 1153.153 1296.296 1422.422 
1511.511 1679.680 1706.707 1881.882 2043.043 2273.273 2508.508 2719.720 
3209.209 3722.723 4112.112 4714.714 5734.734 6650.650 8094.094 9912.913 
12786.786 16247.247 21514.514 28322.322 37926.924 48386.385 58012.010 64672.673 
61887.883 51362.359 37289.286 25707.707 17328.328 12254.254 9237.237 7544.544 
6160.160 5216.216 4522.522 3850.851 3428.428 2933.934 2725.726 2490.490 
2184.184 1971.972 1783.784 1744.745 1624.625 1442.442 1434.434 1394.394 
1182.182 1162.162 1086.086 1059.059 979.980 970.971 889.890 895.896 
795.796 864.865 701.702 626.627 674.675 634.635 670.671 605.606 
568.569 579.580 521.521 568.569 574.575 539.539 476.476 571.572 
441.441 470.470 450.450 415.415 387.387 401.401 387.387 420.420 
390.390 389.389 369.369 337.337 323.323 314.314 329.329 344.344 
336.336 305.305 300.300 289.289 322.322 280.280 274.274 282.282 
309.309 308.308 271.271 268.268 274.274 262.262 238.238 245.245 
294.294 246.246 222.222 266.266 250.250 226.226 204.204 197.197 
241.241 218.218 232.232 202.202 234.234 208.208 219.219 216.216 
204.204 197.197 214.214 212.212 225.225 160.160 155.155 197.197 
168.168 180.180 181.181 177.177 185.185 138.138 188.188 209.209 
168.168 179.179 162.162 158.158 174.174 178.178 162.162 145.145 
134.134 169.169 145.145 107.107 168.168 154.154 175.175 130.130 
158.158 130.130 137.137 134.134 172.172 172.172 135.135 132.132 
145.145 163.163 156.156 128.128 121.121 143.143 116.116 144.144 
149.149 155.155 110.110 129.129 128.128 129.129 128.128 113.113 
95.095 108.108 130.130 124.124 121.121 118.118 118.118 101.101 
97.097 103.103 123.123 130.130 141.141 118.118 125.125 120.120 
119.119 107.107 111.111 104.104 118.118 109.109 135.135 97.097 
109.109 109.109 129.129 132.132 131.131 108.108 89.089 133.133 
114.114 95.095 102.102 120.120 112.112 107.107 98.098 109.109 
87.087 103.103 107.107 85.085 98.098 74.074 124.124 82.082 
93.093 95.095 141.141 112.112 115.115 99.099 97.097 83.083 
97.097 89.089 108.108 78.078 105.105 83.083 85.085 115.115 
95.095 86.086 109.109 90.090 82.082 76.076 104.104 101.101 
109.109 98.098 92.092 77.077 105.105 98.098 88.088 109.109 
82.082 90.090 75.075 75.075 60.060 81.081 79.079 84.084 
88.088 
