LGT.DCD 
-922747
-20
1
2
41
41
31.396 30.060 16.032 36.072 28.056 42.084 24.048 28.056 
34.068 26.052 34.068 34.068 20.040 28.056 38.076 40.080 
36.072 42.084 36.072 20.040 34.068 26.052 28.056 32.064 
42.084 30.060 32.064 30.060 26.052 34.068 36.072 38.076 
22.044 34.068 54.108 36.072 32.064 44.088 32.064 34.068 
38.744 
3761.523 4296.593 4921.843 5462.926 6496.994 7274.549 7959.920 9044.088 
10074.148 11651.302 13569.138 15232.464 16989.980 19378.757 21807.614 24793.586 
26961.922 29933.867 32653.304 36372.744 39591.181 41865.728 44839.678 46478.956 
47248.495 47202.402 46444.887 44951.902 41847.692 38116.232 34044.085 28947.894 
23376.752 18466.933 14226.452 10841.683 8364.729 6322.645 5076.152 4440.882 
3698.731 
