LGT.DCD 
-922747
-20
1
2
41
41
100.200 108.216 78.156 60.120 92.184 74.148 88.176 90.180 
70.140 90.180 92.184 68.136 70.140 102.204 68.136 90.180 
88.176 88.176 104.208 90.180 76.152 84.168 84.168 84.168 
76.152 90.180 74.148 86.172 98.196 84.168 90.180 84.168 
96.192 96.192 114.228 90.180 80.160 62.124 98.196 96.192 
86.840 
3059.452 3505.010 3741.483 4438.877 5078.156 6124.248 7184.368 8374.749 
10198.396 12857.715 16521.041 22136.271 28420.840 37689.379 48923.845 61486.970 
72122.242 82194.385 89659.313 95030.055 97629.253 94951.900 90500.995 82585.163 
72082.158 61412.824 51989.976 43991.983 37078.154 31969.939 27104.207 24014.027 
21204.408 18374.749 15797.594 13917.835 11985.972 10386.773 9020.040 7657.314 
6749.499 
