LGT.DCD 
10227775
-20
1
2
41
41
86.172 72.144 94.188 104.208 58.116 76.152 84.168 76.152 
62.124 84.168 94.188 84.168 82.164 108.216 90.180 102.204 
64.128 70.140 98.196 80.160 56.112 78.156 70.140 86.172 
90.180 76.152 68.136 82.164 92.184 64.128 80.160 78.156 
78.156 98.196 98.196 86.172 112.224 94.188 96.192 62.124 
78.156 
4126.252 4665.331 5008.016 6226.453 6869.739 8288.577 9553.106 12224.449 
14985.972 18428.857 23893.786 30068.135 38092.184 50046.091 62476.952 75743.481 
88160.320 99012.019 110474.947 116384.768 120765.528 119995.989 115513.018 105633.265 
93503.002 77432.865 65979.954 55617.231 45845.690 39036.070 33032.061 28366.732 
25204.407 21739.478 19088.176 16749.498 15134.268 13142.284 11537.074 9783.567 
8716.767 
