LGT.DCD 
-922747
-30
1
2
41
41
31.396 38.076 28.056 38.076 44.088 38.076 32.064 30.060 
26.052 40.080 46.092 38.076 30.060 38.076 28.056 44.088 
32.064 36.072 30.060 22.044 32.064 40.080 38.076 34.068 
40.080 42.084 30.060 36.072 42.084 34.068 46.092 18.036 
26.052 30.060 24.048 38.076 36.072 46.092 20.040 24.048 
40.748 
1696.727 1861.723 2178.357 2414.830 2751.503 3044.088 3456.914 4040.080 
4390.781 4889.779 5573.146 6474.950 7294.589 8232.464 9182.364 10709.419 
11897.795 13699.398 15599.198 17887.775 19957.915 23252.503 25316.632 28100.199 
31020.039 33525.050 36831.663 39184.366 42062.120 43631.262 44084.165 42625.250 
41052.103 39344.687 36020.037 32020.037 28531.060 23378.756 18428.857 14108.216 
10586.505 
