LGT.DCD 
10563330
-20
1
2
41
41
69.472 74.148 82.164 96.192 76.152 82.164 74.148 110.220 
82.164 58.116 54.108 78.156 52.104 90.180 66.132 68.136 
68.136 72.144 64.128 60.120 82.164 82.164 78.156 66.132 
62.124 80.160 58.116 86.172 88.176 92.184 78.156 68.136 
74.148 100.200 96.192 70.140 66.132 72.144 88.176 78.156 
84.836 
4359.385 5006.012 5813.627 6891.783 8164.328 9757.514 11641.282 14975.951 
18663.325 23955.910 30969.939 40320.639 51655.309 64907.811 77352.703 90859.714 
101585.162 111112.215 116825.648 118983.965 116543.078 110655.306 98847.690 85050.098 
70991.978 58805.608 48857.713 40324.648 33999.998 29304.608 25551.100 22320.640 
19284.568 16787.574 14709.419 13030.059 11256.512 9991.984 8555.110 7470.942 
6687.374 
