LGT.DCD 
10563330
-20
1
2
41
41
82.164 70.140 64.128 62.124 68.136 68.136 76.152 72.144 
64.128 52.104 72.144 84.168 84.168 70.140 86.172 78.156 
64.128 76.152 52.104 84.168 74.148 70.140 50.100 56.112 
76.152 72.144 78.156 66.132 54.108 80.160 90.180 48.096 
80.160 74.148 66.132 84.168 72.144 76.152 80.160 74.148 
72.812 
3783.567 4362.725 4833.667 5543.086 6551.102 7833.667 9118.236 11046.092 
13829.659 16667.335 21110.219 27869.738 35164.328 45294.588 56571.141 69336.667 
81705.410 92949.893 102915.828 111262.522 115450.899 116046.084 112851.694 105306.605 
93835.666 80112.217 67587.170 55693.383 45338.674 38593.184 32931.860 28240.479 
24334.668 21611.222 18867.734 16943.887 14695.390 12771.543 11050.100 10024.047 
8589.178 
