LGT.DCD 
10227775
-20
1
2
41
41
90.180 102.204 70.140 94.188 82.164 74.148 74.148 76.152 
80.160 84.168 84.168 68.136 78.156 68.136 86.172 88.176 
60.120 90.180 88.176 88.176 58.116 74.148 84.168 76.152 
86.172 70.140 66.132 82.164 38.076 96.192 86.172 70.140 
66.132 90.180 82.164 74.148 96.192 120.240 86.172 88.176 
70.808 
3277.221 3515.030 4322.645 4905.812 5617.234 6404.809 7687.374 9336.673 
11713.426 14629.257 18468.938 23685.370 31591.181 41619.238 52773.546 65923.848 
79072.140 91434.864 102873.744 111575.144 117406.809 119134.264 114348.688 105883.761 
94056.110 79927.853 67603.200 54997.995 45224.447 38492.983 32262.522 28126.252 
25128.255 21256.513 18647.294 16084.167 13987.975 12649.298 10919.839 9577.154 
8557.782 
