LGT.DCD 
-922747
-20
1
2
41
41
36.072 20.040 24.048 34.068 32.064 36.072 40.080 42.084 
38.076 36.072 34.068 32.064 44.088 28.056 24.048 36.072 
34.068 28.056 26.052 30.060 26.052 22.044 30.060 26.052 
36.072 14.028 26.052 36.072 36.072 24.048 38.076 18.036 
38.076 20.040 40.080 26.052 30.060 30.060 26.052 34.068 
27.388 
6360.053 7118.236 8000.000 9314.629 10374.749 12152.304 13901.803 15709.419 
18032.064 20695.390 23048.095 25498.997 28793.585 32020.037 35014.025 37921.843 
40182.364 43442.884 45328.657 47436.872 49240.480 49038.072 47240.480 45923.845 
42725.450 39507.013 34466.933 29615.229 23941.882 18745.490 14408.817 10781.562 
8378.757 6727.455 5450.902 4597.194 3577.154 3166.333 2795.591 2577.154 
2170.341 
