LGT.DCD 
-922747
-20
1
2
41
41
42.752 42.084 36.072 44.088 28.056 32.064 28.056 32.064 
28.056 42.084 30.060 54.108 34.068 46.092 40.080 42.084 
28.056 26.052 34.068 44.088 26.052 24.048 36.072 16.032 
34.068 34.068 28.056 32.064 48.096 36.072 38.076 24.048 
44.088 22.044 30.060 46.092 48.096 40.080 36.072 30.060 
37.408 
6078.156 6903.807 7819.639 8719.438 9839.679 11204.408 12396.793 14382.765 
16154.308 18312.625 20999.999 23054.107 25703.406 28148.295 31537.074 34434.866 
37318.636 39482.966 42276.552 44667.333 45398.794 46410.818 45913.824 43995.989 
41332.663 38444.887 34633.265 29855.710 24426.852 19220.441 14611.222 11086.172 
8687.375 6831.663 5484.970 4498.998 3921.844 3062.124 2819.639 2426.854 
2242.485 
