LGT.DCD 
-922747
-20
1
2
41
41
28.724 26.052 8.016 24.048 18.036 24.048 32.064 32.064 
34.068 34.068 28.056 28.056 42.084 48.096 32.064 32.064 
44.088 42.084 24.048 24.048 30.060 24.048 24.048 14.028 
34.068 28.056 50.100 26.052 30.060 30.060 30.060 40.080 
24.048 22.044 30.060 32.064 44.088 26.052 32.064 40.080 
36.740 
6269.205 7126.252 8038.076 9204.408 10482.965 11993.987 13813.627 15667.334 
18182.365 20851.703 23340.680 26691.382 29615.229 32915.831 36533.064 39621.241 
42436.872 45470.941 47627.252 49613.225 52044.084 53086.171 52953.904 52126.249 
50130.258 47144.285 42088.175 37667.334 33078.154 28138.276 23368.737 19056.111 
15647.294 12629.258 10436.873 8725.450 7170.340 6256.513 5256.513 4835.671 
4153.641 
