LGT.DCD 
10563330
-50
1
2
101
101
12899.232 13133.132 12749.750 12817.817 12892.892 12879.879 12942.942 12885.886 
12932.932 12707.707 13085.084 12798.798 12937.937 12950.950 12910.910 12928.929 
12863.863 12822.822 12919.919 12848.849 12845.846 12668.668 12874.874 12879.879 
12876.876 12762.762 12887.887 12805.806 12896.897 13027.027 12739.739 12879.879 
12548.548 12970.970 12904.905 12790.790 12916.916 12728.728 13204.204 12853.854 
12892.892 12674.674 12798.798 13022.022 12938.938 13015.014 12677.678 12871.871 
12811.811 13016.015 12809.809 12799.799 12970.970 12795.795 12880.881 12827.827 
12741.742 12774.774 13111.110 12687.687 12799.799 12736.736 12801.801 12695.695 
12732.732 12777.777 12813.814 12704.704 12615.615 12917.918 12736.736 12663.663 
12757.758 12812.812 12877.878 12811.811 12780.780 12685.686 12957.958 12836.836 
12654.654 12849.849 12806.806 12895.895 12542.542 12625.625 12953.953 12842.842 
12904.905 12839.839 12707.707 12875.875 12665.665 12726.726 12588.588 12737.737 
12660.660 12611.611 12803.803 12765.766 12813.814 
17513.513 18806.806 19619.618 20095.094 20344.344 19940.940 20246.245 19651.650 
19322.322 18510.511 18340.339 17889.890 17696.696 17615.615 17381.381 17006.005 
16880.880 16561.561 16218.217 16107.106 16085.084 15969.969 15650.650 15688.688 
15386.385 15710.710 15160.159 15365.364 15051.050 15242.241 15164.164 15318.318 
15050.049 15005.004 15021.020 15169.169 15037.036 14961.961 14808.809 15010.009 
15057.057 14766.766 14865.865 14622.622 14859.859 14780.780 14860.860 14985.985 
14802.802 14744.744 14770.770 14821.821 15110.110 14834.834 15140.140 14826.826 
14905.905 15196.196 14765.765 14999.999 15027.026 15151.150 15229.228 15241.241 
15276.276 15249.249 15458.458 15583.583 15595.595 15667.667 15757.757 16196.195 
15743.743 16110.109 16338.338 16541.541 16542.543 16984.985 17152.152 17366.365 
17514.514 17740.739 18197.196 18376.376 18614.614 18910.911 19169.168 19233.232 
19416.415 19618.617 19556.556 19473.472 18781.781 18216.216 17209.209 15818.818 
14600.600 13716.716 13004.004 12153.153 11510.510 
