LGT.DCD 
-922747
-30
1
2
41
41
34.736 22.044 46.092 26.052 24.048 24.048 28.056 34.068 
32.064 38.076 28.056 30.060 32.064 18.036 50.100 42.084 
42.084 24.048 38.076 18.036 46.092 34.068 24.048 32.064 
40.080 30.060 52.104 28.056 22.044 36.072 16.032 32.064 
34.068 26.052 30.060 48.096 44.088 28.056 22.044 22.044 
29.392 
2258.517 2539.078 2795.591 3046.092 3557.114 4124.248 4414.830 5252.505 
5757.515 6316.633 7350.701 8176.352 9158.316 10346.693 12380.761 13935.871 
15897.795 17857.715 20859.719 23795.590 27094.187 29743.485 33525.050 36396.792 
39689.379 42274.546 45953.905 48959.917 50661.321 52194.387 54559.114 56352.704 
55561.120 54478.956 52587.171 47488.977 43661.321 37547.091 31883.767 27020.039 
22738.141 
