LGT.DCD 
-922747
-20
1
2
41
41
33.400 44.088 28.056 34.068 30.060 38.076 28.056 38.076 
46.092 44.088 32.064 44.088 32.064 14.028 34.068 50.100 
48.096 36.072 30.060 34.068 28.056 28.056 28.056 38.076 
30.060 36.072 34.068 34.068 34.068 32.064 24.048 32.064 
36.072 40.080 26.052 30.060 30.060 40.080 48.096 22.044 
26.720 
6335.337 7236.473 7919.839 9026.052 10148.296 11791.583 13659.318 15781.562 
17440.881 20464.929 23559.117 26112.223 28977.955 32434.866 35589.178 38537.073 
41226.450 44396.791 46202.402 48679.357 50132.261 49963.926 49895.788 47699.396 
45162.321 41114.225 38076.151 32677.351 27579.157 21535.069 17030.059 13531.061 
10370.741 8290.580 6523.046 5484.970 4490.982 3803.607 3344.689 2831.663 
2563.126 
