LGT.DCD 
-922747
-20
1
2
41
41
32.732 46.092 28.056 30.060 24.048 32.064 36.072 34.068 
36.072 48.096 42.084 24.048 30.060 20.040 34.068 36.072 
26.052 40.080 30.060 36.072 34.068 26.052 48.096 34.068 
30.060 42.084 28.056 44.088 26.052 36.072 14.028 40.080 
34.068 24.048 24.048 28.056 22.044 28.056 28.056 44.088 
22.044 
6158.316 6827.655 7913.827 8787.574 10128.256 11703.407 13158.316 15170.340 
17058.116 19607.213 22058.116 24695.390 27873.746 30743.485 33715.430 36052.103 
39046.091 41991.983 44320.638 45595.190 47252.504 46557.111 45929.857 44340.681 
41781.561 37981.962 33276.553 29088.175 22907.815 18324.649 13811.623 10390.781 
7935.871 6396.793 5032.064 4156.312 3729.459 2969.940 2599.198 2400.802 
1965.932 
