LGT.DCD 
-927989.9375
-75
1
2
151
151
4485.485 4371.371 4487.487 4365.365 4478.478 4500.500 4546.546 4618.618 
4580.580 4408.408 4495.495 4610.610 4574.574 4552.552 4453.453 4527.527 
4465.465 4339.339 4398.398 4459.459 4489.489 4458.458 4489.489 4580.580 
4553.553 4410.410 4573.573 4514.514 4490.490 4517.517 4477.477 4340.340 
4606.606 4460.460 4477.477 4550.550 4523.523 4564.564 4487.487 4440.440 
4445.445 4450.450 4509.509 4405.405 4514.514 4557.557 4671.672 4507.507 
4539.539 4522.522 4541.541 4644.645 4450.450 4473.473 4474.474 4490.490 
4528.528 4580.580 4591.591 4546.546 4593.593 4445.445 4465.465 4637.637 
4479.479 4453.453 4433.433 4446.446 4367.367 4471.471 4625.625 4495.495 
4533.533 4501.501 4467.467 4459.459 4524.524 4513.513 4547.547 4472.472 
4470.470 4534.534 4517.517 4451.451 4415.415 4521.521 4487.487 4484.484 
4481.481 4510.510 4598.598 4530.530 4552.552 4442.442 4486.486 4315.315 
4499.499 4452.452 4503.503 4453.453 4516.516 4481.481 4549.549 4451.451 
4539.539 4441.441 4605.605 4487.487 4571.571 4441.441 4560.560 4563.563 
4622.622 4535.535 4454.454 4606.606 4546.546 4548.548 4439.439 4555.555 
4607.608 4628.629 4500.500 4421.421 4505.505 4647.648 4510.510 4609.609 
4594.594 4576.576 4546.546 4582.582 4401.401 4565.565 4547.547 4553.553 
4580.580 4543.543 4472.472 4561.561 4549.549 4470.470 4556.556 4533.533 
4571.571 4603.604 4540.540 4467.467 4571.571 4517.517 4557.891 
11539.873 12509.508 13424.424 14630.630 15384.383 16443.443 17294.294 17687.686 
18091.090 18488.488 18820.821 18620.620 18561.561 18571.570 18472.472 18303.302 
18343.343 18060.060 18199.199 17646.646 17656.655 17690.690 17524.524 17294.294 
17450.450 17005.004 16830.831 16707.708 16668.668 16620.620 16503.503 16464.463 
16438.438 16128.127 16269.269 16084.083 15669.669 15651.651 15827.827 15626.626 
15552.551 15486.486 15373.372 15389.388 15265.265 15455.455 15110.110 15252.252 
15087.086 15160.159 15279.279 15042.041 15174.174 15224.223 15021.020 15091.090 
15363.363 14934.934 15345.345 15346.345 15249.249 15567.567 15318.318 15571.571 
15692.692 15639.639 15790.790 16198.198 16276.275 16085.084 16333.333 16484.483 
17024.024 17041.040 17212.211 17517.516 17905.906 17924.924 18487.487 18982.982 
19338.338 19417.417 19809.810 20512.511 20370.370 20587.586 20582.581 20298.297 
19874.873 19172.172 18738.738 18041.040 17208.207 16289.289 15296.295 14513.513 
13456.456 12877.878 11892.892 11304.304 10989.990 10429.429 9790.790 9401.401 
8965.966 8714.715 8379.379 7957.957 7826.827 7374.374 7371.371 7024.024 
6791.792 6676.676 6490.490 6362.362 6078.078 6064.064 5957.957 5784.785 
5592.592 5495.495 5306.306 5379.379 5177.177 5125.125 5129.129 5051.051 
5029.029 4868.869 4794.794 4736.737 4809.809 4675.676 4604.605 4644.645 
4564.564 4708.709 4486.486 4603.604 4622.622 4511.511 4415.415 4398.398 
4470.470 4482.482 4363.363 4385.385 4384.384 4366.366 4367.367 
