LGT.DCD 
10563330
-20
1
2
41
41
81.496 68.136 94.188 58.116 88.176 86.172 104.208 66.132 
74.148 90.180 88.176 78.156 78.156 72.144 62.124 98.196 
72.144 80.160 92.184 90.180 56.112 76.152 78.156 80.160 
104.208 82.164 102.204 78.156 112.224 84.168 74.148 102.204 
88.176 96.192 94.188 68.136 78.156 116.232 72.144 108.216 
78.824 
5127.588 6130.260 6823.647 8150.301 9699.399 11847.695 14396.793 17871.743 
23390.780 30132.264 38689.379 49224.447 60745.488 74442.883 87424.846 100098.193 
109412.821 117549.090 122032.061 122955.904 119318.628 109877.749 96166.331 80793.583 
67390.782 57615.228 47222.444 38659.315 33496.992 29472.945 25865.731 22871.743 
20132.264 17901.803 15869.739 14058.115 12182.364 10795.591 9336.673 8210.420 
7401.469 
