LGT.DCD 
10563330
-100
1
2
201
201
14353.353 14102.102 14632.632 14319.319 14503.503 14434.434 14246.246 14571.571 
14399.399 14108.108 14389.388 14234.233 14415.415 14161.161 14392.391 14383.383 
14244.244 14424.423 14493.492 14266.265 14296.295 14370.369 14398.398 14270.270 
14302.302 14144.143 14453.452 14509.508 14281.281 14423.423 14091.090 14076.076 
14228.228 14432.431 14287.287 14266.265 14094.094 14204.204 14204.204 14293.292 
14362.361 14196.196 14373.372 14264.263 14315.315 14303.303 14243.243 14472.472 
14121.121 14205.204 14488.488 14325.324 14511.511 14314.313 14259.259 14106.105 
14324.324 14379.379 14411.411 14241.241 14055.054 14397.396 14161.161 14285.284 
14246.246 14444.444 14147.147 14413.412 14555.555 14220.220 14199.198 13827.827 
14206.206 14189.188 14272.271 14290.289 14184.183 14089.089 14138.137 14362.361 
14416.415 14121.121 14274.273 14238.238 14118.118 13941.942 14339.339 14297.297 
14272.271 14295.295 14305.305 14102.102 14102.102 13934.934 14183.182 14403.403 
14286.286 14027.026 14362.361 14222.222 14246.246 14387.387 14211.211 14445.444 
14157.156 14176.175 14135.134 14115.114 14112.111 14217.217 14195.195 14174.174 
14042.041 14263.263 14164.164 14169.169 14259.259 14093.092 14288.287 14273.273 
14160.159 14152.151 13920.921 14176.175 14162.161 14090.089 14207.207 14193.193 
14161.161 14106.105 14066.065 14149.148 14110.110 14283.283 14279.279 14047.046 
14251.251 14280.279 14307.307 14390.390 14097.097 14176.175 14210.209 14349.348 
14204.204 14093.092 14104.103 14168.167 14068.068 14162.161 14266.265 14246.246 
14184.183 14052.052 14101.100 14237.236 14263.263 14224.223 13988.988 14031.030 
14287.287 14184.183 14130.129 14189.188 14138.137 14274.273 14307.307 13971.971 
14345.345 14100.100 14134.134 14038.038 13968.969 14101.100 14064.063 14140.140 
14307.307 14101.100 14170.169 14100.100 14242.241 14190.190 14004.004 13873.873 
14142.142 13919.919 14130.129 14048.047 13999.999 14103.102 14039.038 14314.313 
14064.063 14009.009 14036.036 14058.057 14206.206 14105.105 14036.036 14290.289 
14081.415 
11463.797 11515.515 11496.496 11512.512 11457.457 11681.681 11448.448 11621.622 
11422.422 11618.618 11586.586 11645.646 11442.442 11531.531 11686.686 11658.658 
11526.526 11513.513 11574.574 11613.614 11560.560 11762.762 11815.815 11771.771 
11857.857 11875.875 11792.792 11724.724 11932.932 12040.039 12110.110 12114.113 
12210.209 12538.538 12613.613 13015.014 13224.223 13024.023 13074.073 13236.236 
13552.552 13714.714 14093.092 13947.947 14644.644 14978.978 15409.409 16196.195 
16499.499 16665.666 17435.435 17537.536 18149.148 17703.702 18519.519 18322.322 
18908.908 20060.060 20762.761 21704.703 22616.616 23061.061 23691.691 23944.943 
24158.156 24624.623 25176.175 25573.573 25737.736 26012.011 26060.059 26100.098 
26054.053 26869.868 27200.200 27784.783 27560.559 27917.916 27956.956 28077.077 
28085.084 28105.103 28035.033 27946.946 27821.820 27476.475 27532.530 27526.526 
27710.709 27158.156 27312.312 26972.972 26989.989 26623.622 26507.506 26085.084 
26173.173 26443.442 26038.037 25998.997 25570.569 25634.633 25473.471 25606.606 
25730.729 25847.846 25869.868 25943.942 26192.191 25637.637 26087.086 26080.079 
26564.562 26019.017 26143.141 26202.201 26501.500 26354.354 26280.280 26636.635 
26895.894 26733.733 26929.928 26886.885 27113.112 27048.047 27297.295 27491.490 
27414.414 27330.329 27888.888 27464.463 27836.836 27505.503 27527.526 27353.352 
26932.933 26651.650 26397.397 26102.101 25713.713 25375.375 25008.008 24954.953 
24600.600 24300.299 23553.552 23120.120 22877.877 22189.189 21850.850 21298.297 
20871.871 20338.338 20281.280 19628.627 19700.700 19020.019 18513.513 18616.616 
17518.518 17117.116 16624.623 16082.082 15796.796 14924.924 14400.399 14134.134 
13945.945 13627.627 13257.257 13147.147 12746.746 12827.827 12706.706 12876.876 
12399.399 12405.404 12389.388 12211.211 12133.132 12181.180 11945.945 11972.972 
11947.947 11918.918 11983.983 11962.963 12136.135 11948.948 11832.833 11758.758 
11923.923 11796.796 11661.662 11845.846 11747.747 11851.851 11805.806 11729.729 
11747.080 
