LGT.DCD 
10563322
-20
1
2
41
41
79.492 68.136 78.156 68.136 86.172 54.108 66.132 76.152 
100.200 90.180 62.124 62.124 66.132 94.188 88.176 54.108 
82.164 66.132 76.152 62.124 50.100 78.156 72.144 62.124 
64.128 66.132 74.148 70.140 110.220 76.152 92.184 86.172 
74.148 86.172 80.160 74.148 64.128 82.164 72.144 70.140 
78.824 
3730.795 4250.501 4931.864 5769.539 6691.383 8142.284 10210.420 12336.673 
15292.585 18274.549 24164.328 31216.431 39967.936 50721.441 61442.883 70114.224 
78180.355 84703.403 90795.589 93689.372 93422.839 89132.259 83807.613 76066.128 
65823.643 54408.815 45787.573 37743.487 31513.024 25993.987 22450.900 19124.248 
16462.924 14364.729 12525.050 10609.218 8937.875 7983.967 6799.599 5759.519 
4929.859 
