LGT.DCD 
10563322
-20
1
2
41
41
66.132 64.128 88.176 74.148 84.168 72.144 46.092 62.124 
82.164 84.168 70.140 74.148 66.132 86.172 70.140 66.132 
62.124 62.124 56.112 70.140 90.180 68.136 46.092 60.120 
80.160 68.136 66.132 62.124 84.168 100.200 72.144 84.168 
66.132 88.176 82.164 86.172 66.132 72.144 68.136 58.116 
70.808 
4670.675 5444.889 6406.813 7707.414 9032.064 11118.236 13561.121 16513.024 
20258.515 25094.187 31523.045 38480.959 47234.468 56793.584 65144.284 73725.445 
80132.259 86076.145 90146.289 91228.450 88971.942 83466.930 74613.224 63609.216 
53917.833 44302.603 36525.049 30412.825 25959.918 22094.188 18843.686 16478.957 
14346.692 12226.452 10573.145 9296.592 8130.260 6781.563 6232.464 5166.332 
4649.298 
