LGT.DCD 
-922749.5625
-20
1
2
41
41
68.677 105.528 75.377 70.352 80.402 80.402 65.327 45.226 
75.377 70.352 115.578 60.302 85.427 70.352 50.251 45.226 
85.427 85.427 55.276 70.352 80.402 70.352 95.477 80.402 
50.251 40.201 70.352 75.377 80.402 85.427 55.276 45.226 
115.578 65.327 60.302 90.452 95.477 100.503 80.402 60.302 
65.327 
26505.862 28914.572 33442.210 37095.476 41984.922 47457.285 53447.233 58266.328 
64457.280 73517.582 79683.414 88216.076 97135.677 105206.027 114251.253 122547.731 
132030.145 138517.587 145060.296 150145.714 152110.543 154487.435 154467.324 153190.941 
152804.009 146693.459 141788.934 137723.611 127824.113 118306.528 110834.162 101286.426 
91638.187 82125.622 74356.777 67050.252 59060.300 52412.057 46623.113 41703.516 
36767.168 
