LGT.DCD 
-927989.9375
-75
1
2
151
151
2519.519 2454.454 2608.609 2507.507 2408.408 2517.517 2459.459 2479.479 
2580.580 2451.451 2600.601 2546.546 2548.548 2541.541 2492.492 2578.578 
2456.456 2533.533 2472.472 2524.524 2474.474 2519.519 2529.529 2455.455 
2524.524 2516.516 2512.512 2486.486 2501.501 2546.546 2498.498 2429.429 
2515.515 2514.514 2481.481 2496.496 2691.692 2557.557 2454.454 2451.451 
2550.550 2439.439 2468.468 2535.535 2466.466 2454.454 2545.545 2402.402 
2557.557 2537.537 2547.547 2535.535 2483.483 2600.601 2531.531 2478.478 
2519.519 2492.492 2516.516 2495.495 2484.484 2516.516 2509.509 2521.521 
2567.567 2501.501 2524.524 2530.530 2565.565 2546.546 2493.493 2490.490 
2524.524 2535.535 2571.571 2534.534 2542.542 2540.540 2576.576 2596.596 
2569.569 2507.507 2507.507 2565.565 2544.544 2584.584 2571.571 2556.556 
2591.591 2556.556 2493.493 2617.617 2506.506 2457.457 2478.478 2519.519 
2619.619 2535.535 2612.613 2502.502 2497.497 2547.547 2500.500 2536.536 
2521.521 2552.552 2643.643 2538.538 2575.575 2585.585 2466.466 2520.520 
2593.593 2704.705 2493.493 2583.583 2553.553 2499.499 2511.511 2608.609 
2591.591 2544.544 2618.619 2530.530 2480.480 2495.495 2491.491 2470.470 
2537.537 2575.575 2536.536 2594.594 2629.629 2547.547 2541.541 2575.575 
2427.427 2548.548 2421.421 2518.518 2557.557 2602.603 2583.583 2484.484 
2527.527 2619.619 2593.593 2553.553 2484.484 2515.515 2584.251 
2587.254 2608.609 2684.685 2637.637 2696.697 2732.733 2734.735 2741.742 
2664.665 2823.824 2854.855 2805.806 2893.894 2942.943 3029.029 3130.130 
3118.118 3388.388 3383.383 3493.493 3734.735 3935.936 4153.153 4527.527 
5086.086 5324.324 5977.977 6632.632 7341.341 8150.150 9051.051 9963.963 
10638.638 11475.475 12139.139 12944.945 13464.464 13958.958 14114.113 14407.407 
14701.701 14851.851 15005.004 15258.257 15264.263 15215.215 15282.281 15278.278 
15118.118 14999.999 15311.311 14835.835 14759.759 14583.583 14536.536 14406.406 
14462.462 14369.369 14272.271 13907.907 13911.911 13855.855 13998.998 13980.980 
13564.564 13854.854 13664.664 13554.554 13442.442 13728.728 13458.458 13626.626 
13503.503 13521.521 13538.538 13837.838 13765.765 14260.260 14165.164 14197.196 
14462.462 14523.523 14730.730 14848.849 15188.188 15499.499 15850.850 16180.179 
16529.529 16706.706 16770.770 16815.814 17005.004 16959.958 16463.462 16403.403 
15726.726 15183.182 14561.561 13834.834 13378.377 12750.750 11671.671 11058.057 
10468.468 9704.704 9268.268 8691.691 8236.236 7848.848 7380.380 7096.096 
6674.674 6226.226 6036.036 5764.765 5465.465 5230.230 4903.904 4639.640 
4499.499 4455.455 4231.231 4065.065 3917.918 3799.800 3795.795 3597.597 
3527.527 3424.424 3364.364 3339.339 3292.292 3227.227 3144.144 3112.112 
3121.121 3066.066 3074.074 2988.989 2967.968 2868.869 2893.894 2842.843 
2747.748 2738.739 2809.810 2774.775 2841.842 2703.704 2708.709 
