LGT.DCD 
-922747
-20
1
2
41
41
40.080 28.056 14.028 32.064 32.064 40.080 28.056 54.108 
48.096 46.092 38.076 32.064 26.052 46.092 36.072 36.072 
18.036 18.036 38.076 56.112 18.036 36.072 30.060 36.072 
34.068 28.056 28.056 14.028 40.080 28.056 20.040 34.068 
28.056 42.084 54.108 30.060 30.060 38.076 44.088 34.068 
34.736 
6551.770 7374.749 8290.580 9436.873 10490.982 12234.469 13617.234 15661.322 
17765.531 20468.938 23404.809 25875.750 28879.757 32188.376 34392.782 37795.588 
41390.779 42965.929 45819.639 47270.540 47799.596 47442.884 46074.148 43240.480 
40743.486 35653.303 31298.596 26266.532 20641.282 15905.811 11979.959 9380.761 
7559.118 6116.232 4991.984 4210.420 3346.693 3146.293 2653.307 2300.601 
2048.096 
