LGT.DCD 
10563330
-20
1
2
41
41
61.456 58.116 88.176 96.192 78.156 84.168 86.172 96.192 
80.160 58.116 78.156 58.116 66.132 52.104 62.124 80.160 
70.140 62.124 68.136 66.132 62.124 80.160 80.160 46.092 
72.144 92.184 54.108 92.184 58.116 98.196 70.140 78.156 
56.112 72.144 60.120 46.092 76.152 56.112 90.180 94.188 
65.464 
3703.407 3953.908 4865.731 5629.258 6346.693 7613.226 9058.116 10845.691 
13539.077 16611.222 20863.727 27076.152 33787.573 44062.120 55713.426 68324.643 
80787.571 91985.965 102274.547 110509.013 115240.473 117240.473 115595.186 107128.253 
96214.427 83687.374 69621.235 57374.746 48258.516 40316.633 34338.675 29366.732 
25531.060 22695.390 19679.359 17585.170 15645.290 13615.230 11849.698 10509.017 
9351.369 
