LGT.DCD 
-922747
-20
1
2
41
41
78.156 62.124 88.176 74.148 52.104 90.180 90.180 68.136 
84.168 76.152 74.148 84.168 88.176 88.176 96.192 82.164 
84.168 110.220 98.196 78.156 76.152 84.168 66.132 112.224 
86.172 74.148 90.180 96.192 104.208 78.156 70.140 96.192 
88.176 106.212 84.168 70.140 96.192 92.184 74.148 78.156 
76.820 
3792.251 4000.000 4757.515 5853.707 6605.210 7997.995 9777.555 11841.683 
15046.091 19342.685 24833.667 32454.909 42170.339 52997.995 62374.745 73775.547 
84831.661 91290.576 96450.900 97843.684 96655.307 90637.271 81450.901 71234.463 
60719.438 51713.426 44549.097 38422.842 33779.558 29138.276 25468.938 22282.565 
19675.349 17146.291 14911.823 13004.008 10851.703 9745.491 8575.150 7470.942 
6545.090 
