LGT.DCD 
-922747
-20
1
2
41
41
37.408 48.096 48.096 28.056 30.060 20.040 32.064 34.068 
20.040 40.080 34.068 38.076 36.072 42.084 32.064 32.064 
34.068 22.044 28.056 38.076 34.068 36.072 32.064 18.036 
28.056 28.056 26.052 38.076 38.076 42.084 32.064 30.060 
36.072 42.084 44.088 42.084 26.052 28.056 42.084 36.072 
40.080 
5857.715 6699.399 7430.862 8432.866 9603.206 10490.982 12320.641 13851.703 
16210.420 18549.098 21370.740 24074.147 26462.924 30158.316 32553.103 35442.885 
38587.172 41635.267 43949.899 45643.285 47354.707 47220.438 46080.160 44088.175 
41853.704 37823.645 34294.588 29324.648 24018.035 18983.968 14250.500 10857.715 
8404.810 6851.703 5537.074 4436.874 3743.487 3230.461 2625.250 2432.866 
2082.164 
