LGT.DCD 
-922747
-20
1
2
41
41
39.412 34.068 18.036 26.052 50.100 38.076 30.060 32.064 
38.076 36.072 40.080 30.060 28.056 46.092 40.080 26.052 
34.068 30.060 52.104 32.064 44.088 18.036 36.072 22.044 
28.056 50.100 28.056 34.068 30.060 36.072 32.064 34.068 
46.092 34.068 34.068 32.064 48.096 28.056 32.064 34.068 
32.064 
5854.375 6581.162 7719.439 8424.849 9651.302 10823.647 12492.985 14380.760 
16671.342 19254.508 21741.483 24653.306 26871.743 29837.674 32961.924 36274.546 
38430.861 41494.989 43867.735 46581.159 47158.315 47274.545 46861.723 44390.779 
40689.379 37793.585 33136.271 28955.910 23480.962 18298.596 14002.003 10969.940 
8547.094 6529.058 5432.865 4408.818 3639.278 3110.220 2693.387 2392.785 
2102.204 
