LGT.DCD 
-922747
-20
1
2
41
41
78.156 82.164 102.204 88.176 88.176 98.196 88.176 64.128 
66.132 92.184 92.184 74.148 78.156 74.148 84.168 86.172 
62.124 88.176 110.220 88.176 76.152 80.160 76.152 100.200 
98.196 110.220 98.196 112.224 84.168 64.128 88.176 84.168 
88.176 100.200 94.188 70.140 84.168 108.216 82.164 80.160 
83.500 
4008.684 4565.130 5404.809 6390.781 7699.399 9472.946 11551.102 14723.446 
19364.728 24468.938 32094.187 41412.825 52348.695 64024.045 75611.218 86468.937 
92783.565 97294.582 97507.007 95953.906 89907.810 81488.972 71070.134 59863.725 
51088.174 44058.115 38549.097 32631.262 28735.470 24853.707 21322.644 17859.719 
16030.059 13927.855 12090.180 10657.314 8981.964 7949.899 7080.160 6142.284 
5607.882 
