LGT.DCD 
10227775
-20
1
2
41
41
80.374 78.039 79.040 65.033 70.535 74.037 78.039 83.042 
91.546 73.537 70.035 71.036 74.537 78.539 84.542 84.042 
82.041 77.539 68.534 76.538 67.534 71.536 68.534 72.036 
76.538 72.036 69.535 72.036 76.538 73.037 74.037 70.035 
76.038 74.537 81.541 69.035 66.033 74.537 73.037 77.039 
79.373 
3582.791 4056.528 4649.325 5368.684 6196.098 7292.646 8668.834 10492.746 
12823.411 16178.088 20294.147 25905.451 33300.650 42799.898 54721.860 67843.922 
81159.077 93983.989 105850.924 115021.006 119376.680 120388.186 116379.183 106858.927 
93960.979 80125.561 66897.946 55345.670 46493.746 39789.392 33887.942 29431.214 
25999.999 22564.280 20090.045 17494.247 15283.140 13174.086 11610.805 10176.088 
8867.934 
