LGT.DCD 
10563647
-100
1
2
201
201
63.063 76.076 60.060 66.066 60.060 52.052 70.070 66.066 
67.067 56.056 78.078 76.076 58.058 58.058 67.067 78.078 
82.082 58.058 61.061 67.067 68.068 77.077 65.065 76.076 
66.066 80.080 62.062 69.069 70.070 77.077 61.061 59.059 
70.070 76.076 57.057 64.064 69.069 66.066 55.055 78.078 
50.050 56.056 71.071 63.063 73.073 80.080 71.071 66.066 
55.055 82.082 54.054 61.061 68.068 65.065 81.081 73.073 
64.064 80.080 74.074 71.071 80.080 65.065 70.070 77.077 
78.078 76.076 71.071 61.061 65.065 62.062 76.076 51.051 
58.058 82.082 66.066 54.054 67.067 74.074 72.072 72.072 
70.070 53.053 49.049 67.067 54.054 73.073 75.075 55.055 
78.078 74.074 66.066 79.079 76.076 64.064 83.083 71.071 
71.071 60.060 69.069 74.074 70.070 67.067 75.075 61.061 
67.067 73.073 73.073 76.076 63.063 74.074 57.057 75.075 
62.062 67.067 59.059 55.055 60.060 79.079 60.060 64.064 
72.072 57.057 72.072 85.085 63.063 81.081 60.060 82.082 
68.068 65.065 61.061 55.055 72.072 67.067 61.061 72.072 
73.073 79.079 63.063 68.068 69.069 69.069 71.071 77.077 
80.080 68.068 72.072 59.059 98.098 81.081 71.071 76.076 
64.064 67.067 71.071 77.077 67.067 76.076 75.075 69.069 
69.069 80.080 76.076 78.078 63.063 75.075 79.079 88.088 
58.058 57.057 71.071 80.080 45.045 78.078 71.071 74.074 
77.077 72.072 53.053 70.070 75.075 54.054 72.072 61.061 
71.071 82.082 83.083 72.072 70.070 61.061 57.057 79.079 
57.057 70.070 58.058 63.063 67.067 61.061 67.067 62.062 
62.729 
10653.320 10729.729 11210.209 11632.632 12043.043 12467.467 12755.755 13399.399 
13479.479 14079.078 14543.543 15025.025 15568.567 15775.775 16111.110 16466.466 
16781.781 17135.135 17371.371 17793.794 18191.190 18406.406 18461.461 18880.879 
19100.099 19242.242 19636.636 19980.981 19996.997 20069.068 20121.119 20097.096 
20404.403 20345.344 20291.291 20624.623 20204.204 20447.446 20543.542 20583.583 
20760.760 20760.760 20424.424 20461.461 20256.255 20114.114 20320.319 20272.271 
20003.001 20206.204 20110.108 20135.135 19904.904 19617.618 19812.812 19317.317 
19576.575 19188.188 19317.317 19246.245 19031.030 18729.730 18826.825 18439.439 
18558.559 18040.040 18193.193 18298.297 18208.207 17969.970 18002.002 17725.724 
17676.675 17520.520 17499.499 17409.408 17217.216 17328.328 16989.989 17051.049 
17043.042 16733.733 16978.978 16876.876 16760.760 16542.543 16453.452 16323.323 
16635.635 16598.598 16608.607 16442.441 16285.285 16220.220 16284.284 16324.323 
16337.337 16286.285 16180.179 16005.004 16261.260 15964.964 16115.113 16024.024 
15905.905 15857.857 16112.111 15827.827 15912.913 15813.813 15785.785 15998.998 
16076.076 15855.855 16052.051 15999.999 16162.162 15849.849 15928.929 15957.957 
16045.045 15992.993 16053.052 15897.897 16112.111 15921.921 15905.905 16059.058 
15994.994 16261.260 16073.072 16145.145 16040.040 16223.222 16245.244 16279.279 
16311.311 16347.346 16108.108 16510.511 16296.296 16675.676 16663.663 16720.719 
16838.838 16796.796 16974.975 17061.061 16935.935 16941.941 16901.900 16913.913 
17205.205 17109.109 17286.285 17291.291 17381.381 17251.250 17598.598 17625.625 
17774.774 17641.641 17893.893 18112.111 18063.062 18218.217 18100.099 18293.292 
18284.284 18225.225 18576.575 18240.239 18616.616 18756.755 18674.674 18777.778 
18995.996 18975.974 19409.408 19696.696 19672.671 19638.639 19369.369 19861.861 
19974.975 19983.983 19605.605 20141.141 20007.007 20039.039 19929.929 20181.180 
20334.332 20358.357 20268.268 20121.119 20164.163 20230.229 20065.064 20042.041 
19683.015 
