LGT.DCD 
-927989.9375
-50
1
2
101
101
2540.540 2552.552 2604.605 2603.603 2542.542 2580.580 2570.570 2557.557 
2551.551 2501.501 2546.546 2579.579 2493.493 2515.515 2626.627 2603.603 
2595.595 2499.499 2585.585 2626.627 2470.470 2543.543 2608.609 2629.629 
2571.571 2552.552 2525.525 2611.611 2616.617 2590.590 2513.513 2635.635 
2526.526 2498.498 2489.489 2477.477 2586.586 2549.549 2597.597 2550.550 
2612.613 2463.463 2477.477 2539.539 2610.611 2502.502 2538.538 2570.570 
2525.525 2646.647 2590.590 2605.605 2450.450 2617.617 2546.546 2495.495 
2538.538 2512.512 2520.520 2591.591 2618.619 2516.516 2505.505 2556.556 
2633.633 2580.580 2511.511 2548.548 2485.485 2686.687 2558.558 2553.553 
2651.651 2548.548 2475.475 2550.550 2570.570 2501.501 2599.599 2564.564 
2561.561 2619.619 2464.464 2630.631 2655.655 2573.573 2650.651 2644.645 
2515.515 2559.559 2603.603 2647.647 2558.558 2530.530 2593.593 2526.526 
2554.554 2576.576 2563.563 2604.605 2571.238 
6651.318 7161.161 7825.825 8673.673 9394.393 10201.201 11309.308 12488.488 
13618.618 14816.817 15923.923 17068.067 17815.814 19026.025 20023.023 20475.474 
20736.735 21024.024 21392.392 21427.426 21366.364 20792.792 20883.883 20619.618 
20276.275 20039.039 19735.734 19676.675 19208.207 18768.767 18775.775 18364.364 
18223.222 18234.233 17999.999 17731.731 17589.589 17770.770 17169.168 17221.221 
17174.173 16939.939 17306.306 17035.033 17115.113 17191.190 17002.002 17181.180 
17196.195 17205.205 17559.558 17522.521 17726.726 17950.950 17973.973 18376.376 
18475.474 18744.744 18877.877 19320.319 19565.564 19992.991 20175.174 20497.497 
20836.837 21064.063 21358.357 21834.834 21786.786 21860.860 21953.954 21533.532 
21343.343 20567.567 19309.308 18550.550 17143.142 16361.360 15250.249 14131.131 
13652.652 12407.407 11645.646 10767.767 9505.505 8917.918 8167.166 7542.542 
6975.976 6354.354 6096.096 5551.551 5195.195 5012.012 4761.761 4422.422 
4130.130 4099.099 3881.882 3754.755 3574.241 
