LGT.DCD 
-927989.9375
-50
1
2
101
101
2537.537 2472.472 2554.554 2628.629 2539.539 2556.556 2533.533 2586.586 
2570.570 2594.594 2612.613 2431.431 2571.571 2534.534 2499.499 2538.538 
2525.525 2557.557 2593.593 2550.550 2668.669 2498.498 2502.502 2532.532 
2530.530 2564.564 2621.621 2571.571 2530.530 2628.629 2621.621 2553.553 
2486.486 2600.601 2485.485 2573.573 2584.584 2550.550 2533.533 2574.574 
2551.551 2557.557 2520.520 2582.582 2561.561 2603.603 2577.577 2601.601 
2572.572 2519.519 2544.544 2532.532 2592.592 2483.483 2519.519 2583.583 
2522.522 2447.447 2588.588 2583.583 2521.521 2526.526 2648.649 2570.570 
2669.670 2654.655 2601.601 2545.545 2582.582 2565.565 2551.551 2591.591 
2574.574 2572.572 2632.633 2617.617 2516.516 2574.574 2563.563 2592.592 
2600.601 2557.557 2608.609 2568.568 2543.543 2650.651 2553.553 2707.708 
2495.495 2596.596 2601.601 2549.549 2520.520 2552.552 2646.647 2567.567 
2607.607 2595.595 2577.577 2561.561 2559.226 
3463.463 3437.437 3585.585 3810.811 4085.085 4249.249 4330.330 4734.734 
5073.073 5388.388 5884.885 6706.706 7391.391 8099.099 8714.715 9980.980 
10890.891 12088.087 13459.459 14988.988 15950.950 17258.258 18446.446 19381.381 
20180.179 20457.456 20516.515 20877.877 20713.714 20830.831 20835.835 20373.372 
20399.398 20119.119 19673.673 19467.467 19299.298 19124.124 19023.023 18549.548 
18553.552 18480.479 18157.157 17730.729 17861.861 17737.737 17469.468 17341.340 
17235.234 17281.280 17196.195 16962.962 17068.067 16778.777 17083.081 16998.998 
16976.976 17198.198 16981.980 17410.409 17501.500 17785.785 17706.706 18134.133 
18220.220 18367.366 18694.694 18876.876 19082.082 19707.707 19869.868 20216.216 
20623.622 20858.857 21350.348 21352.351 21863.862 21807.807 21417.417 20828.828 
20379.378 19665.666 18485.484 17054.053 16340.339 15436.436 14288.287 13349.348 
12292.292 11433.433 10484.484 9821.822 9034.033 8428.428 7845.845 7400.400 
6671.672 6383.383 5950.951 5616.616 5305.305 
