LGT.DCD 
10563320
-12
1
2
41
41
66.266 48.048 72.072 67.067 57.057 68.068 82.082 75.075 
57.057 76.076 68.068 49.049 67.067 53.053 59.059 63.063 
69.069 64.064 62.062 59.059 56.056 62.062 70.070 57.057 
64.064 70.070 57.057 65.065 68.068 60.060 63.063 65.065 
66.066 61.061 72.072 67.067 60.060 75.075 65.065 58.058 
61.261 
8325.224 9181.181 10165.164 11436.436 12765.766 14159.158 16256.255 18644.643 
21286.284 24579.579 28309.308 32656.657 38183.180 44482.481 51714.712 58990.987 
67030.026 73800.801 78984.982 81159.153 79865.864 75929.928 70461.461 64084.081 
56058.057 48473.470 41174.173 35556.555 29914.914 25376.376 21764.764 18434.434 
15635.635 13275.275 11458.458 9595.595 8321.321 7153.153 6310.310 5484.484 
4830.731 
