LGT.DCD 
10563320
-20
1
2
41
41
65.966 77.077 60.060 56.056 75.075 57.057 69.069 64.064 
53.053 61.061 65.065 69.069 44.044 67.067 67.067 53.053 
58.058 56.056 66.066 55.055 50.050 57.057 72.072 49.049 
62.062 52.052 52.052 68.068 68.068 71.071 51.051 47.047 
54.054 65.065 67.067 66.066 81.081 81.081 56.056 57.057 
65.065 
6277.777 6774.774 7348.348 8002.001 8988.988 10064.064 11403.403 12684.684 
14198.198 16524.524 18867.868 21977.977 25733.733 29910.910 35531.531 42422.422 
49893.892 57471.467 64239.240 69148.144 72615.612 73179.173 72138.134 68282.277 
62701.699 56407.403 49624.624 42950.949 36541.540 31157.156 26219.218 21916.917 
18718.719 15752.752 13405.404 11219.219 9191.190 7899.900 6623.624 5607.608 
4814.514 
