LGT.DCD 
10560698
-20
1
2
41
41
8.308 5.005 8.008 9.009 5.005 8.008 6.006 8.008 
4.004 11.011 16.016 7.007 7.007 7.007 11.011 10.010 
4.004 6.006 11.011 9.009 10.010 8.008 9.009 10.010 
10.010 5.005 7.007 4.004 5.005 9.009 7.007 12.012 
6.006 8.008 11.011 8.008 12.012 11.011 9.009 13.013 
9.309 
1878.278 2044.044 2270.270 2641.641 3005.005 3389.389 3856.857 4380.380 
5091.091 5899.900 6822.823 7756.756 9009.009 10128.128 11927.927 13602.602 
15920.921 18217.216 20733.733 23447.446 24735.734 24915.915 22696.696 19900.901 
16091.090 12388.388 9175.174 6942.943 5336.336 4229.229 3384.384 2843.844 
2433.433 1977.978 1737.738 1515.515 1365.365 1234.234 966.967 904.905 
809.309 
