LGT.DCD 
10563320
-20
1
2
41
41
65.566 53.053 64.064 69.069 65.065 70.070 54.054 50.050 
61.061 66.066 48.048 62.062 66.066 61.061 63.063 55.055 
63.063 57.057 50.050 58.058 63.063 45.045 52.052 55.055 
53.053 62.062 60.060 58.058 60.060 56.056 62.062 56.056 
67.067 57.057 73.073 57.057 60.060 60.060 63.063 71.071 
62.563 
13611.911 14832.833 16587.587 18591.590 20483.483 23693.692 26525.525 30167.166 
34394.392 38831.831 43820.818 49643.640 56420.419 62754.750 69784.779 76957.951 
82746.746 87422.420 91666.660 92831.828 92096.095 90007.000 87656.650 84292.286 
80148.144 76034.031 71616.612 66549.550 61696.694 57120.118 52200.197 47588.586 
42782.781 38375.372 33590.590 29859.858 26618.617 23419.419 20773.772 18430.430 
16525.726 
