LGT.DCD 
10560698
-20
1
2
41
41
6.907 7.007 3.003 9.009 7.007 10.010 14.014 8.008 
8.008 10.010 16.016 9.009 15.015 11.011 6.006 9.009 
4.004 11.011 9.009 6.006 6.006 8.008 6.006 4.004 
12.012 8.008 6.006 11.011 9.009 9.009 11.011 4.004 
7.007 6.006 10.010 7.007 8.008 11.011 10.010 13.013 
9.409 
1661.562 1881.882 2128.128 2348.348 2603.603 2959.960 3283.283 3881.882 
4340.340 5175.175 6038.038 7001.001 7954.955 9072.072 10673.673 12143.142 
14104.103 16238.237 19047.046 21646.645 23737.737 24911.910 24479.478 21868.869 
18772.771 14936.937 11222.222 8531.531 6592.592 4899.900 3785.785 3132.132 
2721.722 2260.260 1848.849 1670.671 1496.496 1240.240 1142.142 975.976 
844.845 
