LGT.DCD 
10560698
-20
1
2
41
41
13.828 16.032 14.028 20.040 14.028 10.020 14.028 14.028 
10.020 12.024 18.036 10.020 22.044 26.052 4.008 8.016 
16.032 16.032 30.060 12.024 12.024 12.024 10.020 24.048 
18.036 20.040 8.016 22.044 16.032 14.028 8.016 20.040 
16.032 18.036 8.016 10.020 12.024 16.032 20.040 16.032 
15.030 
2058.116 2188.377 2320.641 2547.094 2871.743 3312.625 3503.006 4034.068 
4545.090 5230.461 6002.004 6939.880 7721.442 9424.849 11034.068 12631.262 
14541.082 17494.989 19076.152 22026.051 24244.489 25270.539 23925.851 21348.697 
18060.119 14641.282 11450.901 8228.456 6102.204 4306.613 3274.549 2555.110 
1939.880 1659.319 1398.798 1214.429 1084.168 953.908 783.567 721.443 
640.481 
