LGT.DCD 
10563320
-20
1
2
41
41
66.266 66.066 70.070 53.053 59.059 59.059 90.090 60.060 
50.050 55.055 56.056 65.065 72.072 48.048 58.058 71.071 
66.066 55.055 63.063 54.054 63.063 74.074 70.070 59.059 
69.069 71.071 67.067 68.068 52.052 59.059 70.070 75.075 
66.066 63.063 55.055 79.079 57.057 70.070 64.064 64.064 
68.268 
7142.342 7861.861 8553.553 9646.646 10789.790 12087.086 13453.452 15068.068 
17038.037 19495.494 22333.333 25647.647 29777.777 34326.323 39436.434 45516.515 
52075.071 59962.960 66690.686 71874.875 73735.730 72996.991 70004.002 65065.060 
58306.302 51672.670 44215.212 37405.405 30965.964 25848.847 21605.605 18076.076 
15132.132 12597.597 10561.561 8789.790 7327.327 6277.277 5307.307 4686.686 
4063.363 
