LGT.DCD 
10563320
-20
1
2
41
41
42.242 44.044 47.047 38.038 42.042 41.041 44.044 38.038 
40.040 46.046 45.045 39.039 48.048 39.039 41.041 38.038 
46.046 53.053 54.054 33.033 33.033 59.059 35.035 65.065 
56.056 55.055 49.049 43.043 52.052 48.048 57.057 50.050 
54.054 53.053 38.038 43.043 57.057 40.040 47.047 47.047 
43.844 
10723.223 11669.670 12865.865 14381.380 16123.122 18598.598 21738.738 24629.628 
28780.779 33509.508 38836.836 44466.463 51451.448 59341.340 69087.086 78607.601 
87826.824 95950.946 101869.868 104931.926 104935.931 103173.167 100138.133 94879.878 
90132.129 84918.918 79331.326 73995.991 68830.830 63863.862 58493.489 53497.495 
48794.794 43412.409 39556.555 34984.984 31075.074 27271.269 24486.485 21106.105 
18952.552 
