LGT.DCD 
10563320
-20
1
2
41
41
72.372 72.072 81.081 65.065 68.068 56.056 89.089 75.075 
58.058 59.059 74.074 71.071 68.068 62.062 64.064 59.059 
66.066 60.060 62.062 60.060 67.067 68.068 58.058 59.059 
67.067 62.062 60.060 54.054 62.062 55.055 89.089 56.056 
81.081 66.066 78.078 69.069 62.062 56.056 61.061 60.060 
62.362 
7664.664 8417.417 9118.118 10210.209 11602.602 12927.927 15208.207 16854.854 
19395.394 22324.323 25485.484 29361.359 33969.969 39706.705 45092.088 51979.978 
60126.122 67579.579 72900.898 78380.375 79470.470 77763.760 75717.716 71977.978 
65668.668 60076.074 53023.019 46850.847 40930.929 35835.833 31020.018 26709.708 
23207.206 19608.607 17044.044 14562.562 12126.126 10266.265 8664.664 7324.324 
6594.494 
