LGT.DCD 
10560698
-20
1
2
41
41
13.627 8.016 12.024 12.024 16.032 16.032 6.012 8.016 
12.024 20.040 10.020 12.024 18.036 16.032 2.004 8.016 
14.028 14.028 18.036 20.040 10.020 14.028 10.020 10.020 
12.024 4.008 14.028 14.028 20.040 18.036 14.028 8.016 
12.024 12.024 8.016 8.016 16.032 10.020 12.024 18.036 
14.028 
2178.357 2382.765 2651.302 2871.743 3158.316 3535.070 3839.679 4547.094 
5006.012 5709.419 6601.202 7841.683 8835.671 10326.653 12042.083 14284.568 
16983.968 19362.725 21635.270 24102.204 25014.027 24334.668 22014.028 19110.219 
15444.889 12022.044 8925.851 6370.741 4785.571 3422.845 2545.090 2070.140 
1705.411 1440.882 1240.481 1088.176 883.768 777.555 725.451 669.339 
600.200 
