LGT.DCD 
10560698
-20
1
2
41
41
13.614 11.011 8.008 11.011 10.010 9.009 9.009 11.011 
12.012 6.006 10.010 15.015 13.013 16.016 15.015 10.010 
7.007 14.014 17.017 11.011 16.016 10.010 9.009 3.003 
10.010 18.018 7.007 16.016 10.010 5.005 17.017 11.011 
8.008 11.011 10.010 12.012 9.009 10.010 6.006 9.009 
12.412 
1056.056 1132.132 1365.365 1463.463 1716.717 1926.927 2284.284 2623.623 
2950.951 3339.339 3872.873 4538.538 5119.119 5931.932 7013.013 7996.996 
8831.832 10172.172 11349.348 12397.396 13453.452 14017.017 14239.239 14018.017 
13129.129 12131.131 10728.728 8818.819 7443.443 6135.135 5139.139 4205.205 
3399.399 3029.029 2660.661 2221.221 1978.979 1651.652 1484.484 1345.345 
1184.985 
