LGT.DCD 
10560698
-20
1
2
41
41
9.510 7.007 10.010 12.012 8.008 6.006 7.007 5.005 
3.003 4.004 14.014 11.011 9.009 6.006 5.005 14.014 
14.014 6.006 11.011 8.008 7.007 4.004 12.012 7.007 
6.006 5.005 4.004 9.009 5.005 10.010 13.013 10.010 
7.007 9.009 5.005 11.011 10.010 6.006 11.011 10.010 
8.509 
4880.780 4955.956 5564.564 6020.020 6509.509 7207.207 7628.628 8201.201 
8482.483 8725.726 8884.884 8742.742 8648.648 8074.073 7771.772 7424.424 
6652.652 6329.329 5939.940 5382.382 4761.761 4406.406 3900.901 3568.568 
3387.387 3014.014 2637.637 2341.341 2197.197 1949.950 1728.729 1532.532 
1424.424 1353.353 1164.164 1106.106 1036.036 960.961 866.867 854.855 
776.677 
