LGT.DCD 
10563320
-20
1
2
41
41
63.463 65.065 75.075 56.056 70.070 76.076 74.074 69.069 
83.083 63.063 61.061 77.077 75.075 70.070 51.051 57.057 
62.062 66.066 68.068 55.055 38.038 57.057 71.071 59.059 
60.060 67.067 63.063 59.059 69.069 85.085 67.067 55.055 
61.061 67.067 67.067 68.068 62.062 71.071 77.077 65.065 
66.767 
6939.339 7602.602 8303.303 9198.198 10439.439 11636.636 13164.164 14681.681 
16476.476 18949.948 21788.787 25053.052 28542.542 32678.679 37190.188 42734.732 
49590.589 56676.675 63454.453 69670.666 73195.195 74051.045 72599.598 68575.574 
63387.383 56875.875 49721.719 42677.675 36240.240 30078.076 25079.077 21303.302 
17842.841 15174.174 12655.655 10509.509 8694.694 7563.563 6132.132 5352.352 
4625.826 
