LGT.DCD 
10563320
-12
1
2
41
41
61.461 73.073 60.060 66.066 70.070 77.077 58.058 70.070 
65.065 57.057 61.061 59.059 58.058 51.051 55.055 68.068 
61.061 69.069 59.059 64.064 56.056 62.062 57.057 71.071 
70.070 56.056 55.055 59.059 63.063 53.053 67.067 68.068 
46.046 58.058 61.061 58.058 57.057 62.062 63.063 73.073 
64.765 
9757.357 10759.759 11976.977 13107.107 14923.923 16916.917 19106.105 22336.335 
25495.494 29587.586 33837.836 38743.742 44928.926 52289.285 59355.351 66285.283 
71851.849 73227.223 72742.741 69500.500 65025.021 58618.615 50637.636 43944.944 
36920.920 30511.509 25698.697 21762.761 18377.376 15402.402 12934.934 11106.105 
9392.392 7921.921 6909.909 5939.940 5182.182 4556.556 4087.087 3538.538 
3235.535 
