LGT.DCD 
10563320
-20
1
2
41
41
64.665 73.073 55.055 67.067 65.065 56.056 64.064 69.069 
68.068 63.063 79.079 58.058 60.060 59.059 65.065 52.052 
72.072 61.061 62.062 71.071 83.083 66.066 66.066 53.053 
69.069 64.064 58.058 63.063 58.058 62.062 66.066 64.064 
62.062 61.061 44.044 59.059 62.062 68.068 69.069 59.059 
62.863 
3848.348 4144.144 4524.524 4820.821 5265.265 6155.155 6654.654 7358.358 
8334.334 9409.409 10350.350 11637.638 13203.203 14958.958 16977.977 19294.293 
22235.234 25030.028 29488.488 33510.508 38570.570 44427.427 50858.858 58318.315 
65456.456 71179.173 74175.175 74216.214 71813.809 66823.819 59771.768 52237.234 
45106.104 37937.937 31706.705 26545.544 21726.726 18530.530 15444.444 12983.983 
10743.443 
