LGT.DCD 
10560698
-20
1
2
41
41
14.028 12.024 8.016 10.020 16.032 10.020 10.020 10.020 
20.040 22.044 8.016 24.048 14.028 14.028 10.020 10.020 
20.040 18.036 18.036 12.024 8.016 16.032 10.020 12.024 
2.004 8.016 12.024 18.036 8.016 8.016 8.016 10.020 
18.036 18.036 10.020 8.016 4.008 16.032 16.032 18.036 
16.633 
20486.974 23597.194 25466.933 27200.400 28957.915 30795.590 32490.981 35078.154 
35845.690 37122.244 39456.911 40420.839 41801.599 43026.049 43777.551 45222.444 
45737.474 46292.581 46470.941 45569.135 44438.875 41983.965 40104.208 37943.888 
35284.567 33194.388 31737.473 30374.749 28240.479 27074.147 25338.675 24228.455 
23084.166 22204.408 21258.515 20102.204 19200.400 17995.992 16983.968 16302.604 
15411.021 
