LGT.DCD 
10560698
-20
1
2
41
41
7.407 11.011 9.009 6.006 5.005 5.005 8.008 11.011 
8.008 13.013 9.009 9.009 13.013 5.005 5.005 11.011 
14.014 5.005 17.017 8.008 13.013 8.008 8.008 9.009 
12.012 5.005 10.010 3.003 13.013 9.009 12.012 10.010 
12.012 10.010 9.009 7.007 11.011 9.009 5.005 13.013 
9.209 
260.861 289.289 347.347 415.415 483.483 574.575 746.747 863.864 
1127.127 1413.413 1827.828 2311.311 2943.944 3570.570 4314.314 5031.031 
5818.819 6417.417 6608.608 6864.865 7006.006 6988.989 6708.708 6445.445 
6063.063 5587.587 5133.133 4521.521 3928.929 3659.659 3049.049 2746.747 
2396.396 1932.933 1667.668 1442.442 1214.214 1026.026 794.795 707.708 
597.097 
