LGT.DCD 
10563320
-20
1
2
41
41
69.670 76.076 63.063 65.065 53.053 56.056 61.061 77.077 
88.088 68.068 61.061 72.072 56.056 72.072 55.055 63.063 
62.062 72.072 81.081 61.061 63.063 65.065 61.061 60.060 
46.046 53.053 63.063 54.054 57.057 58.058 43.043 62.062 
69.069 73.073 55.055 65.065 67.067 54.054 82.082 61.061 
63.564 
4485.986 4685.685 4929.929 5433.433 5968.969 6720.720 7439.439 8307.307 
9311.311 10346.345 11947.947 13226.225 15168.167 17125.125 19820.821 22717.717 
26058.057 29876.875 34545.542 39838.839 45808.805 52590.589 59703.702 66359.357 
72691.685 76010.006 76498.493 74335.331 69830.830 63752.751 56918.916 49681.680 
41883.882 35135.134 29670.670 25089.087 20903.903 17759.759 14777.777 12238.238 
10450.150 
