LGT.DCD 
10560698
-20
1
2
41
41
13.413 13.013 7.007 7.007 9.009 15.015 13.013 11.011 
15.015 6.006 11.011 14.014 11.011 9.009 8.008 5.005 
10.010 14.014 17.017 10.010 18.018 8.008 7.007 11.011 
6.006 14.014 5.005 7.007 10.010 13.013 11.011 16.016 
12.012 12.012 10.010 8.008 16.016 8.008 15.015 20.020 
10.511 
2250.550 2682.683 3006.006 3280.280 3766.767 4141.141 4581.581 4819.820 
5339.339 6056.056 6631.632 7218.218 7990.991 8644.644 9629.630 10395.395 
11717.718 12540.540 13442.442 14302.302 15094.094 15878.878 15977.977 16337.337 
15678.678 15398.398 14179.179 13096.095 11751.751 10804.804 9341.341 8294.294 
7675.676 6923.924 6438.438 5752.753 5330.330 5007.007 4412.412 3885.886 
3780.480 
