LGT.DCD 
10563320
-20
1
2
41
41
61.261 60.060 60.060 57.057 54.054 63.063 73.073 52.052 
58.058 70.070 63.063 56.056 72.072 73.073 70.070 52.052 
59.059 60.060 55.055 60.060 49.049 59.059 54.054 45.045 
42.042 52.052 58.058 67.067 63.063 60.060 56.056 60.060 
46.046 57.057 57.057 65.065 81.081 59.059 57.057 54.054 
62.963 
14022.723 14658.658 15373.372 15876.876 17137.136 18148.147 19632.632 21604.604 
23390.389 25294.293 28171.170 31509.509 35355.353 40086.084 44790.788 51052.049 
57576.573 64623.624 72488.484 79827.824 85012.005 87923.923 88764.759 86498.493 
81865.864 75808.804 68654.652 61403.401 54008.004 47851.850 41886.885 36559.557 
32138.136 28366.364 24597.596 21835.835 19074.073 16618.617 14763.763 13027.027 
11622.722 
