LGT.DCD 
10563320
-20
1
2
41
41
67.467 73.073 70.070 67.067 81.081 66.066 70.070 62.062 
57.057 61.061 65.065 66.066 64.064 61.061 67.067 69.069 
51.051 55.055 69.069 60.060 61.061 65.065 74.074 62.062 
74.074 64.064 73.073 65.065 61.061 63.063 68.068 72.072 
52.052 72.072 62.062 71.071 71.071 83.083 62.062 70.070 
71.972 
7342.342 7862.863 8759.759 9848.849 11075.075 12510.510 13918.918 15919.919 
18233.232 20789.788 23671.670 27556.555 31999.998 37343.340 43700.697 50547.544 
57078.077 63761.758 69521.519 72880.879 74011.006 72368.367 68531.529 63051.049 
55219.217 47364.362 39718.718 33924.925 28352.351 23488.488 19981.980 16768.768 
14178.177 11845.846 9918.918 8342.342 7242.242 5982.983 5231.231 4476.476 
3980.380 
