LGT.DCD 
10563320
-40
1
2
81
81
67.367 59.059 62.062 59.059 95.095 62.062 63.063 74.074 
88.088 67.067 64.064 74.074 60.060 67.067 67.067 64.064 
52.052 62.062 72.072 59.059 66.066 58.058 82.082 59.059 
69.069 67.067 71.071 73.073 76.076 52.052 66.066 71.071 
61.061 57.057 71.071 68.068 77.077 57.057 54.054 68.068 
68.068 49.049 68.068 50.050 52.052 67.067 55.055 67.067 
67.067 59.059 52.052 62.062 71.071 55.055 68.068 44.044 
62.062 69.069 53.053 71.071 56.056 69.069 76.076 53.053 
66.066 62.062 74.074 59.059 64.064 67.067 62.062 69.069 
61.061 69.069 61.061 73.073 85.085 68.068 66.066 53.053 
70.971 
3886.887 4102.102 4298.298 4796.797 5216.216 5716.716 6331.331 6716.716 
7337.337 8278.278 8901.902 10077.076 10761.761 11800.801 13323.323 14428.428 
16107.106 17658.658 19689.689 22085.084 24573.573 26914.914 29827.826 33195.193 
36480.478 40208.208 44645.643 48951.948 53281.278 58392.388 62916.913 67861.859 
72483.479 76781.780 82266.262 86563.556 91188.182 95491.489 98907.901 102401.393 
105521.518 109866.862 114581.576 118983.980 122622.614 123606.600 120444.437 114549.547 
108466.464 103228.221 97411.410 92310.306 87295.292 81129.124 75542.538 68961.957 
62263.261 55993.993 49550.550 44227.224 39449.446 34406.405 30432.431 27231.230 
24143.142 21247.247 18827.827 16871.871 14816.817 13315.315 12035.035 10524.524 
9613.614 8610.611 7726.726 7046.046 6302.302 5763.764 5133.133 4866.867 
4392.792 
