LGT.DCD 
10563320
-12
1
2
41
41
68.869 52.052 47.047 81.081 60.060 56.056 59.059 70.070 
55.055 66.066 61.061 66.066 60.060 53.053 64.064 49.049 
62.062 45.045 70.070 56.056 62.062 50.050 57.057 62.062 
59.059 58.058 64.064 71.071 59.059 57.057 66.066 67.067 
59.059 77.077 66.066 72.072 76.076 60.060 63.063 47.047 
65.866 
8537.537 9559.559 10498.498 11464.464 12823.823 14473.473 16542.543 19017.016 
22083.081 25029.029 28790.789 32990.988 38248.247 45094.091 51403.402 58821.820 
66251.248 73194.188 78329.327 79118.115 77320.316 73886.883 68921.918 61444.440 
54519.517 46716.715 40477.476 34224.222 29342.341 24861.861 21109.109 17828.828 
15086.086 12852.852 10890.891 9146.145 7937.937 6681.681 5867.868 5155.155 
4662.462 
