LGT.DCD 
10563320
-20
1
2
41
41
64.464 71.071 64.064 67.067 60.060 60.060 70.070 52.052 
72.072 74.074 62.062 61.061 80.080 59.059 69.069 59.059 
82.082 64.064 53.053 71.071 63.063 63.063 73.073 68.068 
72.072 72.072 71.071 69.069 65.065 74.074 55.055 68.068 
54.054 52.052 55.055 65.065 62.062 57.057 55.055 52.052 
66.166 
5521.722 6054.054 6489.489 7109.109 8201.201 9073.073 10042.041 11494.494 
12855.855 14230.230 16301.301 18407.407 21019.017 24137.135 27870.869 31759.758 
36474.474 41799.799 48123.121 55573.571 62429.425 68866.864 72262.257 74074.070 
72764.759 69098.095 64397.397 57756.753 50513.509 42720.720 36061.060 30364.363 
25566.565 21321.320 17952.952 14975.975 12373.372 10593.593 8944.945 7567.567 
6307.507 
