LGT.DCD 
10563320
-20
1
2
41
41
66.567 66.066 61.061 73.073 63.063 61.061 81.081 62.062 
71.071 65.065 72.072 73.073 68.068 63.063 72.072 65.065 
69.069 48.048 72.072 56.056 53.053 64.064 62.062 68.068 
56.056 72.072 77.077 53.053 57.057 64.064 67.067 52.052 
74.074 65.065 76.076 66.066 64.064 73.073 73.073 71.071 
66.967 
8007.307 8795.795 9684.684 10514.514 11797.798 13171.171 14829.829 16286.285 
17982.982 20463.462 23236.235 26623.622 29946.946 35321.318 40814.814 47164.163 
54321.317 62298.295 70577.572 77812.809 82920.917 85459.453 86162.159 84080.074 
80853.847 76709.706 72727.726 68144.139 63721.719 59099.095 55038.034 50750.749 
47108.106 43000.997 38501.501 34702.700 31235.234 27569.567 24313.311 21446.446 
18702.802 
