LGT.DCD 
10563320
-20
1
2
41
41
63.864 52.052 59.059 52.052 46.046 50.050 61.061 55.055 
58.058 62.062 68.068 51.051 52.052 64.064 41.041 56.056 
59.059 48.048 71.071 59.059 65.065 59.059 74.074 58.058 
50.050 59.059 59.059 67.067 65.065 52.052 60.060 55.055 
53.053 54.054 65.065 64.064 57.057 47.047 62.062 66.066 
60.861 
20991.792 22351.350 24051.049 26104.104 28719.718 31608.607 35620.619 39404.402 
43050.047 47621.618 52453.451 57641.641 63953.950 71125.119 77059.055 83815.815 
89035.030 92361.354 92215.213 90688.686 87453.449 82167.164 76694.691 70472.470 
64902.898 59248.246 52995.992 47764.761 42609.609 37529.528 33328.326 29119.118 
25680.680 22674.674 19596.595 17141.141 15141.140 13332.332 11658.658 10525.525 
9557.557 
