LGT.DCD 
10563320
-12
1
2
41
41
64.464 61.061 71.071 71.071 52.052 60.060 56.056 55.055 
85.085 57.057 65.065 63.063 75.075 53.053 57.057 62.062 
70.070 67.067 42.042 59.059 53.053 65.065 70.070 66.066 
60.060 50.050 54.054 67.067 55.055 72.072 74.074 64.064 
66.066 75.075 70.070 45.045 83.083 59.059 50.050 61.061 
65.365 
11727.827 12780.780 14093.092 15502.502 17412.412 19306.306 22174.172 24672.671 
28259.259 32288.287 37037.035 42307.306 48884.882 55453.450 62602.601 69768.765 
76467.465 81130.123 83134.128 81474.468 77562.557 71745.739 65102.101 57349.347 
50071.069 43284.281 37189.188 32300.299 27462.462 23904.904 20635.634 17994.994 
15406.406 13460.460 11634.634 9894.894 8789.790 7619.619 6827.828 6164.164 
5422.522 
