LGT.DCD 
10560698
-20
1
2
41
41
10.010 14.014 9.009 14.014 7.007 11.011 7.007 7.007 
10.010 4.004 7.007 8.008 9.009 12.012 6.006 8.008 
7.007 7.007 11.011 9.009 8.008 4.004 10.010 8.008 
6.006 12.012 12.012 3.003 10.010 9.009 10.010 9.009 
14.014 15.015 17.017 9.009 16.016 8.008 11.011 9.009 
9.710 
1519.820 1586.587 1845.846 2116.116 2415.415 2594.594 3019.019 3491.491 
3839.840 4371.371 4891.892 5797.797 6362.362 7292.292 8266.265 9604.604 
10884.884 12528.528 14475.475 16360.360 18848.847 21756.755 23841.842 24002.002 
22496.495 19934.934 16165.164 12426.426 9834.835 7461.461 5813.813 4785.785 
4126.126 3432.432 3076.076 2606.607 2226.226 1998.999 1776.777 1514.514 
1342.442 
