LGT.DCD 
10563320
-12
1
2
41
41
65.365 71.071 75.075 63.063 60.060 62.062 58.058 82.082 
77.077 61.061 69.069 68.068 58.058 74.074 56.056 58.058 
82.082 56.056 72.072 68.068 62.062 52.052 62.062 71.071 
71.071 60.060 59.059 51.051 61.061 59.059 69.069 64.064 
76.076 60.060 73.073 54.054 57.057 64.064 54.054 69.069 
62.763 
9747.147 10679.679 11979.979 13113.113 14623.623 16522.521 18844.844 21315.314 
24721.720 28610.610 32680.678 37794.794 43472.471 50138.135 56876.874 63971.970 
70899.899 77232.227 79507.504 80369.366 77689.686 72707.707 66194.188 59202.199 
51705.705 44297.296 38033.030 32474.474 27518.517 23632.632 20408.408 17400.399 
15260.260 12793.793 10999.999 9729.729 8214.214 7363.363 6301.301 5618.618 
5044.945 
