LGT.DCD 
10563320
-40
1
2
81
81
57.758 56.056 50.050 54.054 64.064 66.066 67.067 65.065 
66.066 49.049 50.050 62.062 59.059 46.046 53.053 59.059 
67.067 66.066 42.042 79.079 45.045 55.055 50.050 66.066 
50.050 55.055 68.068 46.046 61.061 62.062 54.054 61.061 
67.067 57.057 67.067 66.066 51.051 52.052 60.060 51.051 
54.054 50.050 54.054 57.057 68.068 58.058 54.054 58.058 
52.052 56.056 68.068 48.048 52.052 51.051 51.051 54.054 
67.067 48.048 65.065 62.062 67.067 66.066 63.063 55.055 
73.073 53.053 49.049 47.047 57.057 64.064 47.047 75.075 
69.069 56.056 60.060 63.063 63.063 49.049 49.049 52.052 
59.760 
270.571 293.293 298.298 346.346 400.400 421.421 452.452 444.444 
523.523 594.595 641.642 713.714 790.791 883.884 992.993 1156.156 
1298.298 1547.548 1912.913 2246.246 2680.681 3434.434 4145.145 5084.084 
6376.376 7450.450 9188.188 10949.950 13338.337 16454.454 20023.023 23528.527 
27854.853 32766.764 37804.804 42841.841 47454.454 51460.458 54111.108 54605.603 
53393.392 50523.523 47367.365 43360.357 39931.929 35129.126 30575.573 26580.578 
22555.554 19098.098 16706.706 14396.396 12507.507 10805.806 9199.198 8037.037 
7281.281 6380.380 5674.674 4996.997 4324.324 3674.675 3310.310 2661.661 
2171.171 1753.754 1298.298 877.878 632.633 466.466 417.417 352.352 
302.302 265.265 284.284 232.232 243.243 213.213 216.216 176.176 
176.677 
