LGT.DCD 
10563320
-40
1
2
81
81
64.364 71.071 86.086 60.060 89.089 69.069 73.073 67.067 
67.067 76.076 56.056 58.058 82.082 75.075 51.051 57.057 
54.054 71.071 59.059 77.077 65.065 66.066 63.063 81.081 
70.070 47.047 65.065 60.060 51.051 67.067 79.079 53.053 
63.063 62.062 69.069 61.061 75.075 62.062 48.048 51.051 
66.066 66.066 63.063 40.040 55.055 52.052 65.065 51.051 
62.062 63.063 58.058 58.058 64.064 60.060 74.074 71.071 
63.063 69.069 43.043 61.061 80.080 62.062 54.054 63.063 
77.077 65.065 66.066 77.077 71.071 59.059 76.076 63.063 
68.068 74.074 53.053 79.079 60.060 69.069 66.066 73.073 
71.972 
8927.627 9389.389 9814.814 10613.614 11394.393 12355.355 13474.474 14768.768 
16060.060 17395.394 19072.072 20853.852 22571.570 24598.597 27453.452 29170.168 
31726.725 34782.782 37408.407 40760.759 44397.394 48240.240 51661.661 55977.975 
59807.805 64365.361 69504.498 74016.011 78369.366 82725.719 87729.725 92501.499 
97439.433 101304.301 104974.971 110092.089 113464.457 116718.714 119182.177 121867.861 
125062.059 129017.007 132397.394 135535.531 133991.983 130364.358 126421.419 121651.644 
117047.045 112276.270 107310.305 101920.916 95120.113 89172.168 82302.296 75921.917 
69138.135 62597.596 56601.598 51260.259 46313.310 42039.038 37404.402 33460.459 
30113.112 27044.043 24115.113 21513.513 19280.280 17125.125 15520.519 14131.131 
12769.769 11383.383 10159.158 9188.188 8435.435 7643.643 7108.108 6478.478 
5833.633 
