LGT.DCD 
10563320
-20
1
2
41
41
54.555 74.074 62.062 59.059 64.064 74.074 53.053 69.069 
58.058 63.063 49.049 63.063 49.049 67.067 65.065 65.065 
54.054 68.068 56.056 49.049 57.057 70.070 45.045 64.064 
43.043 58.058 72.072 61.061 74.074 61.061 62.062 58.058 
57.057 68.068 70.070 58.058 63.063 62.062 74.074 56.056 
66.567 
8750.550 9351.351 10179.179 11224.224 12279.279 13930.930 15800.801 18063.062 
20300.300 23466.466 26845.845 31212.210 36816.816 43578.577 50242.239 58422.422 
65961.957 70790.791 74353.352 74669.667 72844.845 68081.074 62074.071 55556.554 
48511.510 42111.109 35716.715 30475.474 25878.878 22197.196 18950.950 15958.958 
13739.739 11427.427 9983.984 8302.302 6935.936 6028.028 5360.360 4728.729 
4054.654 
