LGT.DCD 
10563320
-20
1
2
41
41
65.365 62.062 64.064 66.066 68.068 62.062 78.078 52.052 
88.088 56.056 55.055 63.063 50.050 65.065 48.048 56.056 
77.077 66.066 73.073 67.067 69.069 66.066 65.065 60.060 
71.071 53.053 62.062 67.067 61.061 58.058 65.065 60.060 
66.066 73.073 62.062 49.049 71.071 60.060 63.063 72.072 
67.067 
5931.231 6330.330 7143.143 7941.941 8838.838 9956.956 11313.313 12377.377 
13867.867 15782.782 17894.895 20496.495 23355.355 26594.594 30330.328 35049.048 
40125.124 45834.833 53554.551 59998.998 67065.060 71405.400 74550.549 74445.439 
71083.081 66460.454 60445.443 54397.394 46525.522 39152.151 32772.772 27711.711 
23341.340 19711.711 16438.438 13914.914 11762.762 9885.886 8267.267 7124.124 
6098.698 
