LGT.DCD 
10563320
-40
1
2
81
81
70.170 46.046 55.055 55.055 61.061 66.066 58.058 77.077 
80.080 61.061 60.060 56.056 52.052 69.069 61.061 61.061 
74.074 58.058 70.070 57.057 78.078 68.068 68.068 59.059 
80.080 60.060 71.071 57.057 57.057 67.067 60.060 61.061 
60.060 56.056 63.063 58.058 57.057 50.050 70.070 62.062 
44.044 60.060 60.060 63.063 71.071 47.047 65.065 54.054 
59.059 73.073 57.057 61.061 63.063 61.061 59.059 68.068 
68.068 63.063 56.056 60.060 61.061 73.073 63.063 59.059 
63.063 56.056 60.060 58.058 77.077 66.066 58.058 70.070 
64.064 62.062 68.068 54.054 66.066 78.078 55.055 80.080 
66.066 
33401.598 34834.833 36137.137 38004.004 39504.503 41749.746 43575.575 45064.062 
47615.614 49685.682 51770.769 54684.682 57182.180 59143.140 61758.756 63860.860 
67409.405 70004.002 72396.389 75554.554 77953.953 81293.293 83687.687 86639.637 
89826.824 92991.985 95562.556 98241.237 101742.740 104059.054 106849.848 109979.975 
113159.151 116321.314 118472.468 120417.414 122428.423 123635.630 124769.762 126632.623 
128584.573 129862.863 130255.243 130302.301 127786.783 126577.570 122970.964 119877.871 
115806.803 112598.597 108219.218 103183.177 99569.568 95374.370 91128.124 87580.578 
83223.217 79427.425 76521.519 72984.982 70229.229 67208.203 64071.065 61156.152 
58060.056 54836.835 52239.236 50123.121 47741.739 45503.500 43427.427 41083.082 
39082.079 37126.124 35021.021 33034.033 31590.590 30202.200 28579.579 26976.975 
25610.610 
