LGT.DCD 
10560698
-20
1
2
41
41
42.042 37.037 28.028 45.045 48.048 37.037 39.039 45.045 
35.035 41.041 35.035 36.036 47.047 44.044 33.033 46.046 
33.033 37.037 41.041 43.043 35.035 38.038 45.045 35.035 
39.039 40.040 37.037 36.036 28.028 35.035 44.044 36.036 
32.032 42.042 42.042 36.036 36.036 36.036 37.037 45.045 
38.338 
6641.241 7353.353 8085.085 8996.996 10061.060 11356.356 12705.705 13890.890 
15705.705 17520.520 19601.602 21858.857 24651.650 27082.081 29764.763 32816.817 
36293.291 39430.429 43033.029 46476.473 50916.913 54784.784 59660.657 65371.365 
70042.042 75091.084 77135.128 75039.036 70304.303 63174.172 55422.422 49198.194 
43370.367 38509.508 34664.664 30898.898 27480.479 24636.636 22184.184 19567.567 
17551.150 
