LGT.DCD 
10563320
-20
1
2
41
41
59.960 57.057 69.069 51.051 64.064 76.076 70.070 59.059 
68.068 63.063 74.074 47.047 61.061 52.052 58.058 60.060 
59.059 55.055 49.049 58.058 65.065 55.055 57.057 73.073 
57.057 63.063 56.056 55.055 58.058 69.069 62.062 60.060 
73.073 65.065 68.068 66.066 59.059 79.079 83.083 60.060 
65.866 
9826.025 10735.735 11931.931 13616.616 15075.074 17563.563 20698.697 23802.802 
28182.181 33400.400 39373.373 46694.692 54295.293 61375.371 67212.208 71885.884 
73677.677 72916.912 69501.500 65140.134 59074.071 51844.842 45354.353 38494.494 
32643.641 27777.777 23657.656 19929.929 16847.846 14051.050 11635.635 9844.844 
8200.200 6896.897 5855.856 5145.145 4421.421 3843.844 3469.469 3000.000 
2720.621 
