LGT.DCD 
10563320
-40
1
2
81
81
65.666 71.071 75.075 54.054 80.080 81.081 70.070 78.078 
68.068 63.063 60.060 71.071 71.071 54.054 70.070 68.068 
64.064 71.071 66.066 75.075 71.071 59.059 65.065 68.068 
60.060 79.079 54.054 59.059 62.062 60.060 61.061 53.053 
69.069 55.055 58.058 65.065 54.054 59.059 52.052 75.075 
62.062 50.050 51.051 53.053 63.063 61.061 63.063 65.065 
70.070 57.057 49.049 60.060 59.059 56.056 67.067 58.058 
62.062 68.068 52.052 77.077 71.071 56.056 57.057 60.060 
70.070 64.064 61.061 66.066 72.072 72.072 66.066 87.087 
67.067 71.071 84.084 68.068 62.062 66.066 70.070 60.060 
64.164 
27341.641 28191.189 29177.176 30746.745 32592.593 34384.383 35906.904 37652.651 
39455.454 41466.463 43969.969 46061.060 48339.338 50441.438 53542.539 55932.931 
58545.541 60642.640 64380.376 67386.380 69938.939 73512.509 76537.533 80270.267 
82893.886 86180.179 89872.867 93206.203 96994.991 99378.375 103036.029 106988.986 
110535.532 113748.743 117564.562 120795.794 122992.990 126064.058 127982.980 130763.757 
133530.526 135538.537 136534.524 135485.482 132363.351 130069.070 125726.724 121635.630 
117596.590 113203.196 107673.670 102843.837 97618.617 92768.764 87971.965 82783.779 
77945.942 74423.420 69965.962 65731.732 62439.435 58908.906 55781.778 52478.475 
49574.571 46040.037 43632.631 41309.309 38814.814 36730.730 34553.553 32420.420 
30596.594 28923.922 27274.274 25934.933 24196.194 22911.910 21656.655 20844.844 
17781.480 
