LGT.DCD 
10560698
-20
1
2
41
41
9.409 8.008 15.015 10.010 13.013 9.009 14.014 17.017 
6.006 12.012 6.006 18.018 11.011 13.013 8.008 13.013 
10.010 10.010 10.010 11.011 11.011 14.014 14.014 7.007 
14.014 12.012 10.010 4.004 9.009 11.011 17.017 11.011 
13.013 9.009 8.008 16.016 11.011 9.009 12.012 8.008 
10.310 
756.657 884.885 919.920 1047.047 1184.184 1456.456 1639.640 1836.837 
2091.091 2442.442 2842.843 3223.223 3846.847 4393.393 5064.064 6050.050 
7001.001 7989.989 9303.303 10482.482 11560.560 12406.406 13462.462 13813.814 
13882.882 13385.385 12868.868 11162.161 9509.509 7837.837 6607.608 5288.288 
4355.355 3654.655 3020.020 2675.676 2309.309 1885.886 1634.635 1487.487 
1285.385 
