LGT.DCD 
10560698
-20
1
2
41
41
9.309 7.007 10.010 8.008 5.005 14.014 11.011 6.006 
7.007 10.010 9.009 11.011 7.007 8.008 8.008 6.006 
10.010 9.009 5.005 5.005 8.008 6.006 8.008 6.006 
14.014 5.005 4.004 11.011 8.008 9.009 10.010 7.007 
8.008 9.009 10.010 8.008 5.005 14.014 5.005 2.002 
9.109 
7083.383 8103.102 8745.745 9416.416 10363.363 10870.870 12246.246 12762.762 
13497.497 14518.518 15609.609 16471.471 17518.518 18436.435 19597.596 20686.686 
21589.589 22955.954 24093.093 25769.768 27426.425 29283.282 30635.634 32334.334 
32545.542 31749.749 29940.939 28051.049 25113.112 22747.746 21121.119 19436.435 
18352.351 17414.415 15942.942 15521.521 14103.102 13420.420 12514.514 11909.910 
11049.449 
