LGT.DCD 
10563320
-20
1
2
41
41
63.463 68.068 60.060 63.063 55.055 47.047 74.074 52.052 
46.046 54.054 62.062 69.069 51.051 72.072 53.053 54.054 
51.051 65.065 55.055 48.048 58.058 70.070 66.066 55.055 
66.066 64.064 74.074 67.067 73.073 62.062 62.062 54.054 
62.062 59.059 59.059 58.058 44.044 57.057 55.055 61.061 
64.164 
11944.244 13207.207 14416.415 16106.105 18236.236 20961.961 24420.419 28563.563 
33468.466 39500.498 47084.081 55238.237 62852.849 69729.725 73625.622 74093.090 
72985.981 70692.692 65484.479 60021.020 53792.791 47688.688 41533.533 35337.336 
30489.487 25918.917 22038.037 19286.284 16578.578 14020.020 11787.787 10204.204 
8554.555 7174.174 6393.393 5483.483 4872.873 4304.304 3800.801 3427.427 
3102.102 
