LGT.DCD 
10563320
-20
1
2
41
41
57.958 57.057 59.059 59.059 51.051 65.065 71.071 57.057 
68.068 66.066 61.061 65.065 55.055 57.057 66.066 53.053 
48.048 57.057 63.063 61.061 53.053 61.061 58.058 59.059 
61.061 56.056 73.073 61.061 71.071 63.063 53.053 61.061 
64.064 59.059 50.050 48.048 61.061 65.065 63.063 75.075 
61.361 
10197.497 11202.201 12578.578 13943.943 15987.987 18143.142 21185.183 24259.259 
27433.432 31549.548 36568.567 41797.796 47193.189 53880.880 61376.374 68708.706 
75858.853 81284.283 85915.912 88600.597 88457.454 87206.203 84025.020 79731.731 
76523.518 71438.435 66835.835 61664.662 56887.883 51921.918 47065.061 41910.910 
37363.363 32998.999 29306.305 25229.228 21674.674 19229.228 16586.585 14423.423 
12854.854 
