LGT.DCD 
10560698
-20
1
2
41
41
11.211 18.018 10.010 16.016 21.021 10.010 6.006 5.005 
10.010 11.011 14.014 3.003 10.010 7.007 8.008 10.010 
12.012 12.012 11.011 22.022 10.010 16.016 9.009 9.009 
11.011 14.014 10.010 15.015 14.014 10.010 15.015 6.006 
16.016 6.006 8.008 14.014 7.007 14.014 9.009 3.003 
11.612 
2672.372 2708.709 3012.012 3241.241 3431.431 3781.781 4232.232 4522.522 
5015.015 5391.391 5837.837 6515.515 7026.026 7791.792 8635.635 9187.187 
10356.356 11159.158 12251.251 13261.260 14081.081 14959.959 15487.487 15848.849 
15900.900 15769.769 14774.774 13688.688 12367.367 10781.782 9794.795 8772.772 
7607.607 6620.620 5818.819 5303.303 4730.730 4180.180 3782.783 3361.361 
3014.614 
