LGT.DCD 
10563320
-20
1
2
41
41
63.263 70.070 60.060 72.072 66.066 66.066 51.051 58.058 
57.057 51.051 52.052 46.046 60.060 52.052 56.056 53.053 
45.045 53.053 59.059 43.043 48.048 60.060 44.044 52.052 
51.051 56.056 55.055 69.069 60.060 60.060 79.079 56.056 
60.060 50.050 61.061 62.062 58.058 55.055 55.055 58.058 
63.263 
14032.732 15353.353 16572.572 18248.248 20590.590 23298.297 25730.729 29425.423 
32815.813 37121.119 41901.899 46878.877 52438.436 58804.803 64870.869 72178.173 
79401.394 85623.623 91621.616 95026.019 96439.433 96358.356 94402.400 91884.883 
88859.859 84570.568 80500.500 76831.829 72095.089 67510.510 62558.556 57502.500 
52996.995 48063.062 43272.272 39402.399 35029.028 31506.504 28262.261 25102.101 
22585.685 
