LGT.DCD 
10560698
-20
1
2
41
41
7.708 7.007 13.013 10.010 3.003 7.007 12.012 8.008 
5.005 3.003 6.006 12.012 15.015 8.008 5.005 12.012 
10.010 11.011 10.010 8.008 9.009 7.007 11.011 9.009 
12.012 3.003 10.010 10.010 4.004 9.009 11.011 5.005 
11.011 10.010 11.011 10.010 8.008 8.008 8.008 7.007 
8.008 
228.629 261.261 269.269 331.331 384.384 465.465 645.646 711.712 
919.920 1174.174 1481.481 1819.820 2356.356 2974.975 3705.705 4340.340 
5173.173 5690.690 6320.320 6753.753 6795.796 6907.908 6797.797 6784.784 
6437.437 6154.154 5488.488 5079.079 4574.574 3936.937 3541.541 3171.171 
2715.716 2238.238 1955.956 1710.711 1397.397 1178.178 981.982 860.861 
711.111 
