LGT.DCD 
10560698
-20
1
2
41
41
38.939 27.027 37.037 57.057 40.040 55.055 37.037 51.051 
32.032 47.047 40.040 44.044 39.039 49.049 35.035 51.051 
46.046 48.048 32.032 37.037 46.046 34.034 44.044 49.049 
40.040 43.043 52.052 31.031 55.055 51.051 32.032 40.040 
43.043 38.038 44.044 31.031 43.043 34.034 41.041 38.038 
43.944 
3464.464 3849.850 4227.227 4721.721 5279.279 5765.765 6597.597 7653.653 
8382.382 9394.393 10457.457 11754.754 13255.255 15108.108 17014.012 18915.916 
21182.181 23634.633 26195.193 29063.061 32063.063 35408.407 39134.131 43036.035 
47752.752 53748.746 59707.704 64124.120 67410.405 65443.440 59962.960 52855.852 
45170.168 38229.227 32697.695 28585.583 25469.468 22576.575 19932.933 18068.067 
16161.962 
