LGT.DCD 
10560698
-20
1
2
41
41
40.340 37.037 39.039 46.046 38.038 39.039 44.044 52.052 
53.053 45.045 42.042 48.048 44.044 53.053 45.045 32.032 
40.040 43.043 31.031 34.034 50.050 35.035 56.056 37.037 
33.033 34.034 45.045 37.037 38.038 44.044 46.046 43.043 
34.034 38.038 51.051 25.025 31.031 42.042 38.038 38.038 
41.141 
1887.688 2095.095 2353.353 2597.597 2828.829 3277.277 3559.559 4100.100 
4619.620 5421.421 6163.163 7207.207 8507.507 9812.812 12104.103 14359.359 
17983.983 22403.403 28803.803 36281.279 45285.284 51927.926 55510.507 54631.627 
51046.045 47361.360 43899.896 41595.594 38666.666 33954.954 29032.031 22786.786 
17743.743 13228.228 9957.958 7738.738 6189.189 5257.257 4417.417 3827.828 
3324.424 
