LGT.DCD 
10563320
-40
1
2
81
81
69.069 81.081 61.061 56.056 83.083 73.073 57.057 57.057 
74.074 52.052 69.069 67.067 77.077 48.048 56.056 72.072 
65.065 54.054 66.066 67.067 64.064 70.070 69.069 67.067 
73.073 49.049 51.051 46.046 66.066 57.057 54.054 65.065 
62.062 57.057 61.061 66.066 51.051 55.055 69.069 63.063 
54.054 51.051 76.076 62.062 58.058 53.053 61.061 61.061 
69.069 61.061 62.062 58.058 69.069 59.059 54.054 68.068 
72.072 63.063 58.058 56.056 78.078 55.055 56.056 67.067 
72.072 67.067 68.068 68.068 59.059 74.074 63.063 66.066 
72.072 68.068 63.063 81.081 61.061 66.066 62.062 49.049 
63.964 
13334.334 13663.663 14751.751 15851.851 16936.937 18049.049 19586.585 20776.776 
22609.609 23895.894 26091.090 28643.643 31280.280 33507.506 36003.000 38356.356 
41894.892 45121.118 48857.854 52084.081 55770.768 59719.716 64018.018 68287.282 
72573.567 77188.183 81371.365 85890.888 90036.029 95091.083 99681.674 103986.979 
108480.479 113091.082 117081.072 121090.082 124494.486 127798.792 130831.827 134076.074 
136947.946 138107.095 138741.738 137748.742 134919.915 130519.510 127395.387 122870.867 
118250.246 112126.124 106762.759 101160.159 95335.330 90122.119 84919.918 79324.322 
74055.050 69186.184 63831.830 59387.384 55073.072 50788.785 47052.049 43574.571 
40144.144 37077.074 33890.890 31392.392 28593.592 26579.579 24846.846 22418.418 
21003.001 19201.200 17924.924 16539.539 15217.217 14128.127 13031.030 12321.321 
11315.415 
