LGT.DCD 
10563320
-20
1
2
41
41
65.566 89.089 73.073 69.069 62.062 66.066 68.068 69.069 
72.072 57.057 55.055 60.060 70.070 71.071 61.061 51.051 
64.064 83.083 64.064 57.057 55.055 84.084 54.054 65.065 
91.091 63.063 83.083 56.056 73.073 81.081 74.074 73.073 
73.073 68.068 65.065 73.073 59.059 74.074 63.063 77.077 
65.265 
7222.622 7994.995 8848.849 9644.644 10873.873 12348.348 13972.972 15548.548 
17694.694 20393.392 23425.423 26904.904 31088.088 36087.084 41031.031 47467.466 
54422.422 61932.931 68293.294 72659.657 74114.109 72789.784 69677.678 64431.432 
58131.127 51121.118 43370.367 36743.742 30964.964 25585.583 21557.557 18088.088 
15141.140 12619.619 10492.492 8970.971 7495.495 6291.291 5420.420 4726.726 
4149.950 
