LGT.DCD 
10563320
-20
1
2
41
41
57.958 51.051 62.062 54.054 51.051 63.063 56.056 48.048 
52.052 57.057 49.049 51.051 60.060 46.046 72.072 47.047 
63.063 43.043 58.058 61.061 54.054 53.053 67.067 64.064 
60.060 47.047 60.060 53.053 57.057 63.063 64.064 64.064 
65.065 59.059 62.062 67.067 54.054 73.073 57.057 51.051 
59.960 
10643.242 11406.406 12470.470 13201.201 14593.593 15903.903 17655.654 19399.398 
21961.961 24514.514 27245.244 30502.501 34088.087 38086.084 43350.347 48797.796 
55041.040 62340.337 70439.435 78970.966 86087.085 90417.415 89920.917 86282.276 
80079.075 74895.893 69848.843 64322.316 59884.881 55122.121 49723.722 45093.092 
40548.548 36168.165 32107.104 28181.180 24976.975 22387.387 19753.753 17874.873 
15826.926 
