LGT.DCD 
10560698
-20
1
2
41
41
37.638 31.031 33.033 46.046 42.042 36.036 53.053 41.041 
46.046 29.029 42.042 32.032 41.041 50.050 36.036 38.038 
41.041 38.038 36.036 32.032 45.045 38.038 38.038 32.032 
31.031 49.049 38.038 35.035 38.038 39.039 43.043 40.040 
58.058 46.046 45.045 51.051 41.041 38.038 32.032 42.042 
41.141 
18422.422 19530.530 21035.033 22351.350 24744.744 26771.771 28837.836 31248.248 
33850.848 36473.471 39334.333 41960.958 45743.742 48885.885 51999.998 55653.650 
59023.019 63543.542 66959.958 70788.784 74215.214 78096.096 81308.308 83491.489 
84292.286 82621.616 79164.158 73789.784 67690.686 61937.936 57132.131 52251.249 
48175.172 44483.480 41094.091 37204.203 34265.265 31234.232 28456.456 26581.580 
23665.765 
