LGT.DCD 
10563320
-20
1
2
41
41
60.961 80.080 59.059 70.070 59.059 75.075 70.070 52.052 
66.066 66.066 58.058 65.065 64.064 59.059 64.064 56.056 
60.060 62.062 73.073 58.058 71.071 60.060 53.053 70.070 
63.063 67.067 62.062 65.065 60.060 50.050 68.068 70.070 
63.063 58.058 66.066 62.062 63.063 58.058 69.069 64.064 
62.763 
59209.405 64651.646 69232.228 73722.721 79438.435 84630.626 89803.798 94526.523 
100127.124 104479.472 109268.260 114164.156 118005.999 121879.877 125162.157 127777.773 
129822.824 132402.398 134616.617 135508.508 137035.028 136430.429 135515.512 133555.551 
131155.145 128605.600 125735.727 121198.191 116483.477 111657.656 106107.104 101293.292 
95945.941 90835.834 85686.680 80603.603 76184.178 71670.666 66939.938 63104.100 
59410.607 
