LGT.DCD 
10560698
-20
1
2
41
41
12.813 9.009 6.006 9.009 12.012 7.007 10.010 12.012 
12.012 13.013 6.006 10.010 14.014 12.012 7.007 10.010 
11.011 9.009 12.012 7.007 11.011 6.006 12.012 13.013 
9.009 9.009 9.009 15.015 6.006 9.009 13.013 10.010 
16.016 13.013 22.022 13.013 11.011 12.012 19.019 14.014 
10.911 
1268.568 1414.414 1564.565 1842.843 2049.049 2331.331 2677.678 3028.028 
3485.485 4009.009 4518.518 5178.178 6102.102 6846.847 7789.789 8845.846 
9953.953 11146.145 12213.212 13409.409 14037.036 14070.070 14385.385 13714.714 
12512.512 11125.124 9531.531 7828.828 6593.593 5551.551 4492.492 3874.875 
3214.214 2792.793 2464.464 2188.188 1907.908 1689.690 1476.476 1311.311 
1127.828 
