LGT.DCD 
10560698
-20
1
2
41
41
9.009 5.005 5.005 5.005 11.011 5.005 10.010 8.008 
10.010 5.005 13.013 10.010 6.006 8.008 6.006 12.012 
11.011 7.007 10.010 9.009 12.012 9.009 12.012 11.011 
10.010 9.009 12.012 8.008 8.008 6.006 11.011 13.013 
6.006 8.008 5.005 6.006 6.006 10.010 10.010 6.006 
6.907 
2889.489 2837.838 3028.028 3102.102 3459.459 3495.495 3724.725 4000.000 
4386.386 4741.741 5052.052 5460.460 6051.051 6557.557 7172.172 7711.712 
8244.244 8916.916 9232.232 9321.321 9345.345 9258.257 8932.932 8459.459 
7870.871 7463.463 6911.912 6274.274 5822.823 5343.343 4842.843 4302.302 
3930.931 3511.511 3092.092 2739.740 2487.487 2245.245 2031.031 1655.656 
1590.591 
