LGT.DCD 
10563320
-20
1
2
41
41
70.971 57.057 59.059 72.072 66.066 66.066 71.071 63.063 
58.058 61.061 72.072 64.064 65.065 52.052 63.063 72.072 
54.054 71.071 68.068 57.057 60.060 56.056 72.072 60.060 
75.075 60.060 46.046 55.055 77.077 57.057 52.052 61.061 
64.064 76.076 74.074 63.063 84.084 58.058 63.063 63.063 
68.368 
2116.817 2421.421 2640.641 2932.933 3399.399 3758.759 4603.604 5534.534 
6732.732 8365.365 10750.750 13642.642 17231.231 21393.392 26161.160 31841.841 
39264.261 48055.051 57113.111 65113.110 67932.927 63441.438 55008.004 44455.454 
36057.055 29002.001 23762.761 19154.153 15427.427 12587.587 9841.841 8086.086 
6424.424 4996.997 3987.988 3223.223 2503.503 2167.167 1817.818 1563.564 
1489.690 
