LGT.DCD 
10563320
-20
1
2
41
41
59.860 74.074 65.065 56.056 66.066 49.049 45.045 62.062 
56.056 62.062 61.061 47.047 43.043 76.076 45.045 54.054 
72.072 68.068 57.057 57.057 46.046 55.055 50.050 58.058 
76.076 42.042 41.041 93.093 58.058 54.054 66.066 60.060 
71.071 57.057 63.063 49.049 52.052 58.058 61.061 75.075 
64.164 
13898.698 15393.393 17120.120 19355.355 22393.391 25799.798 30370.369 35851.851 
42530.527 50166.162 58422.422 65179.173 70508.503 73125.119 73567.562 72084.080 
68392.392 63252.248 57662.660 51258.256 44914.911 38963.961 33270.270 28497.496 
24106.105 20732.732 17873.874 15382.382 13271.271 11156.156 9581.581 7913.913 
6747.748 6046.046 5196.196 4661.661 4021.021 3625.625 3263.263 2948.949 
2668.268 
