LGT.DCD 
10560698
-20
1
2
41
41
8.208 11.011 7.007 11.011 10.010 11.011 9.009 9.009 
8.008 10.010 7.007 8.008 7.007 5.005 7.007 14.014 
7.007 7.007 4.004 6.006 6.006 9.009 9.009 12.012 
5.005 12.012 7.007 8.008 9.009 8.008 12.012 7.007 
7.007 7.007 7.007 8.008 9.009 8.008 7.007 8.008 
8.008 
5460.060 4578.578 4803.804 4970.971 5322.322 5635.636 5974.975 6346.346 
6612.612 7196.196 7641.641 8129.129 8407.407 8668.668 8944.945 9074.073 
9189.189 9139.139 9226.225 8877.878 8509.509 8388.388 7930.931 7438.438 
7062.062 6512.512 6285.285 5885.885 5420.420 4906.907 4781.781 4413.413 
4063.063 3722.723 3578.578 3188.188 2960.961 2780.781 2642.643 2429.429 
2354.154 
