LGT.DCD 
10560698
-20
1
2
41
41
39.840 36.036 33.033 39.039 36.036 38.038 44.044 40.040 
38.038 42.042 25.025 33.033 41.041 41.041 40.040 41.041 
39.039 42.042 35.035 30.030 28.028 29.029 49.049 41.041 
42.042 32.032 41.041 33.033 34.034 45.045 44.044 34.034 
41.041 38.038 45.045 46.046 45.045 48.048 37.037 44.044 
38.338 
18939.338 22731.730 24947.947 27139.138 29360.360 31798.798 34451.449 36640.639 
39009.008 41915.914 44360.357 47065.061 49355.352 52023.019 54357.354 56852.849 
59567.563 61476.472 63797.795 66132.130 67963.963 70245.244 72282.277 73516.514 
73597.592 73033.032 71004.002 67702.702 64286.282 59767.766 56468.465 53197.194 
50146.142 48067.064 45653.650 43983.980 41761.759 40056.055 38002.001 36375.372 
34854.151 
