LGT.DCD 
10560698
-20
1
2
41
41
13.514 13.013 10.010 12.012 11.011 12.012 11.011 10.010 
12.012 11.011 9.009 14.014 13.013 15.015 11.011 14.014 
7.007 15.015 20.020 8.008 3.003 17.017 13.013 10.010 
18.018 6.006 13.013 11.011 18.018 7.007 11.011 10.010 
16.016 12.012 8.008 11.011 10.010 16.016 8.008 10.010 
12.713 
903.503 971.972 1103.103 1259.259 1466.466 1624.625 1869.870 2101.101 
2498.498 2858.859 3310.310 3876.877 4426.426 5106.106 5830.831 6854.855 
8042.041 9035.035 10128.128 11300.300 12575.575 13461.460 14211.211 14152.151 
13756.756 13152.151 11822.822 10039.038 8309.309 6933.933 5675.676 4659.660 
3897.898 3201.201 2704.705 2350.350 2095.095 1734.735 1557.558 1375.375 
1171.471 
