LGT.DCD 
10563320
-20
1
2
41
41
62.362 71.071 59.059 61.061 66.066 68.068 64.064 66.066 
66.066 58.058 63.063 60.060 67.067 48.048 60.060 72.072 
68.068 59.059 69.069 60.060 45.045 56.056 63.063 55.055 
60.060 58.058 56.056 68.068 77.077 51.051 56.056 66.066 
58.058 75.075 74.074 60.060 70.070 53.053 59.059 63.063 
63.564 
8745.445 9376.376 10073.073 10970.971 12156.156 13647.647 15774.774 17895.894 
20238.236 23228.227 27038.037 31194.193 36638.636 42915.914 50368.368 58279.275 
65051.045 70793.789 73020.016 74175.175 73156.155 69323.323 63470.467 57644.643 
50842.840 44173.170 38007.006 31919.918 27139.138 23064.063 19933.932 16873.874 
14416.415 11954.955 10409.409 8776.776 7441.441 6388.388 5515.515 4821.821 
4320.420 
