LGT.DCD 
10563320
-40
1
2
81
81
67.868 58.058 70.070 57.057 79.079 66.066 80.080 56.056 
67.067 67.067 58.058 67.067 76.076 74.074 68.068 56.056 
57.057 43.043 57.057 73.073 77.077 69.069 66.066 64.064 
63.063 65.065 67.067 65.065 49.049 61.061 61.061 68.068 
66.066 67.067 55.055 60.060 62.062 57.057 58.058 53.053 
52.052 70.070 44.044 73.073 79.079 62.062 67.067 42.042 
68.068 56.056 69.069 70.070 60.060 55.055 75.075 73.073 
69.069 75.075 59.059 65.065 55.055 67.067 79.079 75.075 
68.068 67.067 72.072 59.059 55.055 80.080 71.071 58.058 
56.056 74.074 66.066 65.065 66.066 59.059 72.072 64.064 
67.768 
3794.694 4066.066 4465.465 4856.857 5252.252 5586.586 6235.235 6811.812 
7567.567 8323.323 9247.247 10272.272 11204.204 12646.646 14032.031 15705.705 
17467.467 19568.568 21789.788 24581.580 27703.702 30892.891 34300.299 38004.004 
42686.685 47183.180 52131.128 56762.761 61813.809 66291.287 71467.465 76534.535 
80006.001 84581.577 88593.586 93239.238 98383.380 104599.597 110608.607 115886.881 
119041.033 117445.437 112295.290 105223.216 97660.655 91606.601 85720.714 79781.780 
73773.770 67757.756 62144.143 55471.467 49513.509 43446.443 37954.954 32846.846 
28806.805 25283.282 22151.151 19176.175 16846.847 14884.884 13175.174 11501.501 
10367.367 8962.963 8262.262 7379.379 6572.572 5930.931 5477.477 4776.777 
4546.546 4014.014 3583.583 3426.426 3222.222 2872.873 2605.605 2343.343 
2236.036 
