LGT.DCD 
10563320
-20
1
2
41
41
61.161 62.062 71.071 69.069 61.061 61.061 67.067 65.065 
66.066 59.059 57.057 71.071 60.060 68.068 67.067 66.066 
70.070 63.063 76.076 58.058 75.075 57.057 66.066 80.080 
70.070 73.073 71.071 45.045 63.063 75.075 76.076 52.052 
69.069 67.067 67.067 69.069 68.068 70.070 47.047 65.065 
61.261 
11228.228 12207.207 13378.377 14695.695 16635.635 18710.710 21123.122 23453.452 
26292.290 29929.928 33256.255 37699.698 42200.197 47555.555 53396.394 59387.384 
65796.796 73281.277 79104.099 84335.331 85122.120 80629.627 72674.672 63545.541 
55297.296 47995.992 42329.328 37120.119 33403.403 29673.672 27327.326 25052.050 
23008.008 21239.238 19335.334 17889.890 16162.162 14808.809 13669.669 12587.587 
11551.952 
