LGT.DCD 
10563320
-20
1
2
41
41
67.367 82.082 78.078 54.054 59.059 80.080 52.052 64.064 
58.058 77.077 60.060 57.057 66.066 59.059 48.048 59.059 
61.061 72.072 59.059 65.065 64.064 59.059 57.057 70.070 
72.072 63.063 64.064 69.069 57.057 65.065 59.059 77.077 
61.061 65.065 62.062 48.048 67.067 66.066 68.068 71.071 
63.864 
6216.116 6798.798 7539.539 8259.259 9190.190 10323.323 11700.700 13165.164 
14618.618 16973.973 19431.430 22117.116 25536.536 29155.154 33786.784 38841.841 
45414.411 52583.581 60482.480 67507.504 71652.646 72894.894 71273.266 68096.097 
62572.568 55942.941 48637.636 41865.866 35604.601 29385.384 24624.623 20562.562 
17474.473 14864.865 12234.233 10619.619 8755.755 7374.374 6473.473 5668.668 
4871.371 
