LGT.DCD 
10563320
-20
1
2
41
41
64.064 48.048 57.057 49.049 76.076 60.060 58.058 60.060 
58.058 61.061 50.050 41.041 74.074 78.078 57.057 52.052 
63.063 72.072 57.057 56.056 64.064 52.052 61.061 56.056 
51.051 75.075 63.063 74.074 60.060 60.060 47.047 62.062 
59.059 48.048 58.058 64.064 64.064 62.062 57.057 57.057 
61.762 
13650.550 14754.754 16074.073 18358.358 20774.774 23511.510 27135.134 30820.820 
35394.392 40717.714 46249.246 53383.382 60170.167 67880.879 74609.608 81137.135 
86314.312 87863.857 89544.544 88555.553 86326.320 82355.350 78021.015 73058.056 
67894.894 63086.083 57775.773 52568.567 47307.306 43050.047 38136.133 33751.749 
29154.152 25983.983 22732.732 19867.867 17527.526 15483.483 14133.132 12543.543 
11336.536 
