LGT.DCD 
10560698
-20
1
2
41
41
36.837 39.039 37.037 36.036 43.043 46.046 36.036 38.038 
48.048 36.036 46.046 35.035 38.038 30.030 36.036 39.039 
34.034 35.035 37.037 37.037 33.033 32.032 43.043 40.040 
38.038 37.037 44.044 42.042 29.029 29.029 29.029 44.044 
40.040 44.044 50.050 42.042 32.032 36.036 46.046 38.038 
44.645 
2405.205 2679.680 2985.986 3529.529 3948.949 4867.868 5482.482 6252.252 
7150.150 8524.524 9996.996 11958.958 14200.199 17204.204 21303.302 26154.153 
32692.690 40399.397 47189.188 50231.229 49280.279 43318.315 35065.062 27036.034 
19901.900 14387.387 10867.867 8399.399 6840.840 5616.616 4765.765 4069.069 
3452.452 3227.227 2843.844 2360.360 2160.160 1952.953 1652.653 1489.489 
1314.114 
