LGT.DCD 
10560698
-20
1
2
41
41
41.141 38.038 51.051 40.040 45.045 31.031 34.034 41.041 
45.045 45.045 36.036 37.037 39.039 44.044 40.040 41.041 
38.038 43.043 43.043 38.038 34.034 44.044 40.040 39.039 
44.044 48.048 39.039 45.045 36.036 41.041 38.038 46.046 
47.047 40.040 39.039 32.032 32.032 38.038 46.046 35.035 
42.242 
4637.337 5122.122 5638.638 6239.239 7055.055 7968.968 8993.993 9938.939 
11105.105 12661.662 14276.276 15759.759 17616.616 19792.792 22259.259 24654.654 
27765.765 30860.859 34066.065 36913.912 40287.287 44644.644 48968.965 53677.675 
58831.830 64768.765 69922.917 71766.766 70421.422 65100.095 58163.159 50822.820 
44348.345 38692.690 34297.297 30468.466 27239.237 24045.045 21518.517 19071.071 
17000.499 
