LGT.DCD 
10560698
-20
1
2
41
41
8.008 7.007 8.008 9.009 14.014 10.010 8.008 8.008 
14.014 7.007 11.011 9.009 10.010 5.005 6.006 12.012 
13.013 13.013 10.010 7.007 5.005 4.004 12.012 15.015 
5.005 6.006 12.012 5.005 9.009 6.006 7.007 4.004 
8.008 10.010 6.006 9.009 5.005 8.008 7.007 8.008 
8.008 
1678.278 1812.813 1789.790 1985.986 2109.109 2398.398 2463.463 2576.576 
2755.756 2945.946 3175.175 3377.377 3759.759 3973.974 4465.465 5011.011 
5420.420 6034.034 6858.859 7206.206 7831.832 8518.518 8889.889 9210.209 
8977.977 9055.054 8643.643 8271.271 7778.778 7061.061 6544.544 5975.976 
5398.398 4731.732 4348.348 3779.779 3451.451 3033.033 2597.597 2282.282 
2036.236 
