LGT.DCD 
10563320
-20
1
2
41
41
66.767 56.056 76.076 68.068 82.082 66.066 60.060 88.088 
62.062 59.059 76.076 50.050 70.070 63.063 62.062 66.066 
62.062 59.059 67.067 77.077 59.059 59.059 52.052 44.044 
69.069 62.062 70.070 55.055 68.068 59.059 65.065 55.055 
55.055 63.063 58.058 53.053 65.065 62.062 75.075 72.072 
66.266 
5872.572 6160.160 6658.658 7506.506 8377.377 9260.260 10287.287 11817.817 
13112.111 15033.033 17096.095 19407.407 22414.414 25541.541 29139.138 33781.779 
39613.611 45217.214 52511.510 59901.898 67082.081 72636.631 75337.330 74788.784 
72290.287 67525.525 62117.116 55567.563 48131.128 40843.843 34454.455 28936.936 
23933.932 19855.855 16560.559 14536.536 12094.094 10305.305 8504.504 7417.417 
6473.774 
