LGT.DCD 
10560698
-20
1
2
41
41
9.109 13.013 13.013 11.011 9.009 5.005 7.007 13.013 
9.009 12.012 7.007 7.007 6.006 12.012 8.008 10.010 
6.006 7.007 7.007 13.013 9.009 9.009 14.014 7.007 
7.007 8.008 2.002 8.008 8.008 12.012 4.004 10.010 
4.004 11.011 7.007 8.008 10.010 6.006 7.007 10.010 
7.708 
190.390 179.179 201.201 242.242 225.225 274.274 314.314 351.351 
363.363 404.404 456.456 553.554 662.663 724.725 785.786 946.947 
1044.044 1233.233 1405.405 1631.632 1961.962 2475.475 2679.680 3060.060 
3543.543 4055.055 4518.518 5040.040 5513.513 5849.849 5857.857 5890.891 
5959.960 5802.803 5599.599 5138.138 4776.777 4602.602 4368.368 3924.925 
3844.244 
