LGT.DCD 
10563320
-20
1
2
41
41
64.865 50.050 63.063 71.071 56.056 60.060 51.051 43.043 
55.055 54.054 51.051 58.058 89.089 61.061 60.060 64.064 
66.066 66.066 57.057 55.055 63.063 58.058 68.068 55.055 
67.067 53.053 47.047 62.062 65.065 66.066 61.061 64.064 
71.071 65.065 69.069 55.055 80.080 64.064 69.069 72.072 
66.166 
15209.008 15844.844 16708.707 17851.852 19180.179 20852.853 22888.888 24933.932 
27055.054 29766.766 33281.279 37262.259 41741.739 46883.882 53265.264 60002.000 
66972.974 74216.214 79172.169 82976.971 85536.533 84354.351 81063.061 75574.574 
68777.775 61788.785 55003.000 48139.135 42142.141 37103.102 32639.639 28188.187 
24605.605 21737.737 19128.127 16619.619 14620.620 12862.862 11154.153 9933.934 
9006.906 
