LGT.DCD 
10563320
-12
1
2
41
41
61.762 66.066 61.061 66.066 65.065 57.057 59.059 53.053 
72.072 50.050 70.070 64.064 58.058 58.058 68.068 64.064 
49.049 67.067 43.043 61.061 61.061 69.069 59.059 46.046 
70.070 61.061 55.055 67.067 44.044 59.059 68.068 54.054 
56.056 73.073 57.057 59.059 71.071 63.063 68.068 60.060 
63.363 
12098.398 13460.460 15286.286 16918.918 19672.671 23070.069 26308.306 30792.792 
35801.802 41703.703 47746.744 55751.748 63252.248 69363.362 72820.820 72823.819 
70182.179 66101.102 59834.832 53101.098 46156.152 38700.697 32160.159 26857.857 
22442.441 19116.115 16075.074 13475.475 11528.528 9725.726 8090.089 6951.952 
5994.995 5109.109 4758.758 4234.234 3723.723 3351.351 3032.032 2743.744 
2466.166 
