LGT.DCD 
10560698
-20
1
2
41
41
39.740 29.029 37.037 29.029 39.039 49.049 50.050 48.048 
43.043 51.051 37.037 37.037 32.032 41.041 44.044 40.040 
45.045 43.043 47.047 48.048 46.046 33.033 43.043 31.031 
33.033 46.046 36.036 31.031 28.028 27.027 48.048 46.046 
48.048 39.039 35.035 42.042 48.048 27.027 41.041 36.036 
39.139 
10168.168 11274.273 12345.345 13714.714 15263.263 16758.758 18786.786 20690.690 
23103.103 25424.424 28164.162 31050.049 34010.008 37556.555 41176.176 44780.779 
48895.895 52864.862 56909.906 60829.827 65735.730 70958.958 75803.799 79443.440 
82186.184 80630.627 76879.879 70810.811 63978.974 56875.875 51049.047 46470.468 
41559.557 37796.793 34079.077 30656.655 27412.411 24863.862 22332.332 20111.110 
18078.979 
