LGT.DCD 
10563320
-40
1
2
81
81
66.266 77.077 82.082 65.065 61.061 51.051 76.076 48.048 
63.063 75.075 66.066 76.076 61.061 77.077 61.061 66.066 
65.065 68.068 60.060 70.070 62.062 64.064 70.070 61.061 
64.064 64.064 59.059 57.057 51.051 75.075 62.062 54.054 
69.069 59.059 56.056 63.063 74.074 72.072 52.052 78.078 
57.057 61.061 45.045 37.037 53.053 70.070 61.061 65.065 
71.071 73.073 64.064 64.064 59.059 54.054 58.058 62.062 
56.056 66.066 60.060 65.065 58.058 67.067 74.074 67.067 
80.080 70.070 48.048 72.072 63.063 67.067 81.081 69.069 
51.051 65.065 72.072 60.060 57.057 83.083 59.059 64.064 
67.668 
23104.703 24386.386 25903.903 27775.775 29400.399 31175.173 33735.735 35781.779 
38270.269 40196.196 43264.261 45684.683 48928.926 51526.525 54403.402 57589.585 
60355.351 64394.391 67416.417 70732.731 74824.818 78550.549 81767.765 85874.874 
89969.966 92539.539 96525.523 100265.262 103862.857 107012.004 110481.478 112963.961 
116068.064 119212.206 121386.377 123489.481 125151.148 125395.387 127155.145 128361.353 
128744.745 130176.172 130205.194 129003.992 127364.359 125923.921 123014.009 119816.813 
115811.808 111504.496 107700.694 102696.689 98283.282 93637.630 89575.573 84493.488 
81863.857 77305.302 73682.682 69623.623 66482.480 63095.094 59762.761 56913.911 
53551.549 50750.749 47771.768 45224.222 42847.845 40402.399 38141.138 35952.952 
34016.016 32395.396 30700.699 28857.857 27013.013 25613.612 24136.136 22730.729 
21667.066 
