LGT.DCD 
10560698
-20
1
2
41
41
7.708 5.005 12.012 6.006 11.011 5.005 8.008 5.005 
5.005 1.001 6.006 9.009 11.011 9.009 6.006 13.013 
13.013 3.003 10.010 5.005 9.009 2.002 3.003 3.003 
8.008 8.008 11.011 11.011 10.010 5.005 10.010 7.007 
7.007 7.007 9.009 6.006 4.004 8.008 11.011 12.012 
9.610 
2788.388 2652.653 2865.866 3024.024 3168.168 3362.362 3609.609 3922.923 
4247.247 4523.523 5102.102 5695.696 6134.134 6671.672 7455.455 7995.996 
8538.539 8932.932 9024.024 9391.391 9047.046 9013.012 8640.640 8081.081 
7604.604 7001.001 6426.426 5813.813 5341.341 4733.733 4247.247 3849.850 
3323.323 2971.972 2626.627 2226.226 2108.108 1742.743 1584.585 1299.299 
1185.786 
