LGT.DCD 
10563320
-20
1
2
41
41
60.961 60.060 71.071 62.062 59.059 64.064 63.063 68.068 
44.044 50.050 52.052 60.060 56.056 61.061 72.072 47.047 
61.061 65.065 63.063 57.057 51.051 50.050 54.054 61.061 
60.060 65.065 61.061 69.069 61.061 66.066 53.053 63.063 
62.062 55.055 59.059 69.069 55.055 68.068 57.057 63.063 
59.059 
10900.099 11651.651 12865.865 14290.289 16164.163 17802.802 20602.601 23791.791 
27412.411 32134.131 37127.127 44337.335 52247.243 60075.070 67072.072 71463.459 
74150.143 74443.440 72101.101 67263.257 61771.768 54719.716 48416.414 41711.710 
35646.647 30161.160 25708.707 22310.309 18864.863 16348.348 13672.672 11791.791 
9845.846 8514.515 7111.111 6205.205 5332.332 4769.769 4126.126 3738.739 
3274.074 
