LGT.DCD 
10563320
-12
1
2
41
41
64.464 67.067 64.064 75.075 62.062 72.072 55.055 59.059 
55.055 80.080 51.051 51.051 74.074 65.065 72.072 67.067 
66.066 71.071 56.056 64.064 61.061 86.086 61.061 73.073 
70.070 72.072 63.063 66.066 49.049 74.074 64.064 69.069 
81.081 68.068 48.048 68.068 62.062 68.068 61.061 58.058 
66.967 
9655.255 10593.593 11736.736 13018.017 14566.566 16665.666 19137.136 22095.094 
25374.373 28994.994 33533.533 38608.606 44224.222 51673.673 58495.492 65909.909 
71204.197 73526.524 73916.912 70964.962 65983.983 60108.106 52624.624 44941.938 
37874.872 31939.938 26714.713 22387.387 18602.601 15943.943 13477.476 11309.308 
9487.487 7962.963 6869.869 5817.817 5113.113 4564.564 3968.969 3634.635 
3206.506 
