LGT.DCD 
10563320
-20
1
2
41
41
68.569 68.068 63.063 77.077 64.064 69.069 82.082 78.078 
61.061 67.067 76.076 72.072 74.074 68.068 75.075 67.067 
61.061 54.054 59.059 58.058 81.081 71.071 66.066 63.063 
71.071 66.066 77.077 68.068 56.056 46.046 72.072 66.066 
71.071 85.085 61.061 54.054 65.065 64.064 65.065 72.072 
68.268 
2271.471 2491.491 2616.617 3055.055 3513.513 4126.126 4974.975 5906.907 
7280.280 9265.265 11957.958 15066.065 18912.911 23198.197 28318.316 34994.993 
42797.796 51326.322 60817.815 66684.682 66262.257 60034.032 50007.005 40207.205 
32166.163 26476.475 21449.449 17487.487 14162.161 11309.308 9360.360 7266.266 
5743.744 4609.609 3575.575 2807.808 2398.398 2077.077 1815.816 1569.570 
1404.304 
