LGT.DCD 
10563320
-20
1
2
41
41
65.966 68.068 62.062 77.077 68.068 59.059 42.042 61.061 
57.057 71.071 62.062 68.068 60.060 66.066 57.057 67.067 
66.066 47.047 62.062 70.070 64.064 63.063 54.054 67.067 
66.066 65.065 61.061 67.067 45.045 60.060 64.064 84.084 
57.057 67.067 74.074 57.057 64.064 66.066 60.060 66.066 
66.466 
5517.918 5839.840 6379.379 6987.988 7838.839 8794.795 9842.843 10742.742 
12033.033 13536.536 15118.118 16671.670 19015.014 21207.206 24346.345 27729.729 
31772.770 36005.003 40810.808 46801.801 53078.077 60203.202 67048.047 71861.859 
74858.853 75012.005 72414.410 68243.237 62555.554 55334.333 48024.023 40792.791 
34751.749 29192.191 25521.519 21390.389 18155.154 15756.756 13416.416 11328.328 
9775.074 
