LGT.DCD 
10560698
-20
1
2
41
41
8.208 9.009 12.012 10.010 8.008 6.006 13.013 8.008 
8.008 3.003 7.007 12.012 4.004 4.004 9.009 9.009 
12.012 7.007 13.013 11.011 9.009 7.007 7.007 5.005 
9.009 8.008 6.006 9.009 9.009 8.008 8.008 14.014 
5.005 9.009 8.008 9.009 14.014 6.006 7.007 5.005 
7.908 
8823.123 9250.249 9872.873 10494.494 11367.367 12122.121 12766.766 14172.172 
15012.012 16105.104 17505.504 18576.575 19762.761 21269.269 22580.579 24369.368 
25622.622 27537.535 29660.658 31425.423 32924.925 34103.102 34148.146 32649.649 
30657.656 27806.805 23996.997 21104.104 18231.231 16223.222 14369.369 12824.825 
11651.651 10564.564 9276.276 8404.404 7588.588 6824.824 6112.112 5594.594 
4900.500 
