LGT.DCD 
10563320
-12
1
2
41
41
64.765 68.068 63.063 66.066 69.069 55.055 57.057 72.072 
66.066 73.073 56.056 60.060 69.069 74.074 54.054 50.050 
56.056 60.060 77.077 60.060 59.059 63.063 63.063 60.060 
55.055 61.061 63.063 71.071 56.056 68.068 71.071 50.050 
72.072 73.073 51.051 72.072 44.044 55.055 71.071 64.064 
61.562 
11115.215 11967.967 13249.249 14687.687 16405.404 18170.169 20803.803 23593.592 
27133.132 30612.610 35022.021 40429.426 46748.747 53304.303 60363.362 67469.464 
74665.661 79593.586 81179.172 80251.247 76423.420 70937.932 63851.849 56436.433 
49627.626 42376.375 36705.706 31380.379 27024.024 23309.308 20028.028 17362.361 
14917.917 13037.036 11298.297 9530.530 8451.451 7358.358 6288.288 5860.861 
5189.689 
