LGT.DCD 
10563320
-40
1
2
81
81
67.868 76.076 65.065 75.075 68.068 74.074 79.079 61.061 
48.048 72.072 74.074 80.080 68.068 62.062 83.083 73.073 
59.059 68.068 66.066 75.075 66.066 61.061 58.058 57.057 
58.058 73.073 80.080 76.076 74.074 64.064 69.069 70.070 
65.065 75.075 74.074 73.073 61.061 63.063 64.064 70.070 
79.079 73.073 79.079 65.065 65.065 60.060 59.059 84.084 
81.081 56.056 68.068 57.057 67.067 56.056 60.060 59.059 
74.074 64.064 65.065 49.049 68.068 80.080 84.084 55.055 
78.078 65.065 63.063 66.066 69.069 82.082 75.075 69.069 
57.057 63.063 81.081 65.065 62.062 59.059 60.060 70.070 
71.471 
80.581 76.076 81.081 73.073 74.074 72.072 74.074 90.090 
88.088 88.088 78.078 73.073 62.062 67.067 70.070 68.068 
86.086 73.073 81.081 67.067 82.082 87.087 81.081 75.075 
78.078 82.082 77.077 93.093 91.091 61.061 80.080 75.075 
71.071 69.069 65.065 83.083 83.083 70.070 92.092 75.075 
82.082 99.099 65.065 87.087 86.086 89.089 71.071 85.085 
78.078 89.089 77.077 78.078 76.076 94.094 84.084 98.098 
89.089 81.081 82.082 82.082 90.090 92.092 74.074 102.102 
87.087 87.087 93.093 90.090 89.089 98.098 102.102 85.085 
81.081 92.092 94.094 109.109 92.092 87.087 98.098 92.092 
96.296 
