LGT.DCD 
10563320
-40
1
2
81
81
66.667 55.055 73.073 72.072 68.068 67.067 58.058 70.070 
67.067 64.064 75.075 70.070 47.047 55.055 85.085 75.075 
57.057 72.072 69.069 60.060 77.077 73.073 65.065 60.060 
63.063 70.070 77.077 73.073 63.063 69.069 50.050 55.055 
68.068 73.073 72.072 58.058 59.059 56.056 60.060 68.068 
58.058 61.061 69.069 58.058 61.061 68.068 69.069 51.051 
61.061 73.073 56.056 56.056 59.059 61.061 51.051 41.041 
53.053 67.067 64.064 71.071 57.057 71.071 60.060 74.074 
74.074 74.074 66.066 55.055 65.065 72.072 75.075 60.060 
80.080 71.071 81.081 83.083 67.067 52.052 71.071 56.056 
69.269 
3378.579 3645.645 3888.889 4241.241 4692.693 5001.001 5545.545 6138.138 
6697.697 7385.385 8031.030 8764.764 9937.937 10965.966 12071.070 13732.732 
15114.113 17054.053 19340.339 21528.527 24340.339 27138.137 30451.451 33661.661 
37641.642 42245.245 46899.896 51984.983 56137.136 61251.248 66541.539 70489.483 
74690.686 79042.042 83760.753 88067.066 92970.966 98250.247 105342.334 111589.587 
115981.974 117951.944 113890.887 106596.591 98969.966 91999.996 85973.972 79650.646 
74319.317 68410.405 62167.165 56457.456 50133.131 44293.291 38592.592 33830.828 
29369.368 25691.691 22122.121 19308.307 17018.018 14791.791 13060.060 11491.491 
10073.073 8838.838 8171.171 7212.212 6386.386 5910.911 5311.311 4759.760 
4291.291 3931.932 3620.621 3319.319 2993.994 2659.659 2453.453 2410.410 
2165.365 
