LGT.DCD 
10563335
-20
0.5
2
81
81
34.034 22.022 35.035 35.035 42.042 34.034 35.035 50.050 
37.037 40.040 33.033 39.039 39.039 45.045 35.035 38.038 
35.035 42.042 38.038 48.048 32.032 41.041 39.039 36.036 
44.044 36.036 30.030 41.041 37.037 27.027 28.028 25.025 
36.036 35.035 36.036 46.046 34.034 27.027 33.033 38.038 
26.026 32.032 33.033 34.034 35.035 38.038 30.030 43.043 
34.034 32.032 35.035 41.041 39.039 33.033 40.040 33.033 
42.042 55.055 48.048 35.035 33.033 36.036 43.043 39.039 
31.031 37.037 35.035 37.037 29.029 40.040 36.036 31.031 
41.041 41.041 29.029 25.025 36.036 43.043 25.025 27.027 
33.033 
829.830 814.815 940.941 967.968 1014.014 1077.077 1200.200 1207.207 
1301.301 1329.329 1389.389 1510.510 1612.613 1624.625 1765.766 1794.795 
1919.920 2011.011 2263.263 2263.263 2453.453 2514.514 2816.817 2835.836 
2914.915 3196.196 3308.308 3535.535 3607.607 3950.951 3992.993 4081.081 
4131.131 4141.141 4322.322 4283.283 4133.133 4160.160 4086.086 4020.020 
3751.751 3676.677 3565.565 3344.344 3120.120 2993.994 2777.778 2613.613 
2502.502 2409.409 2313.313 2163.163 2107.107 1922.923 1849.850 1748.749 
1663.664 1520.520 1376.376 1345.345 1329.329 1265.265 1193.193 1125.125 
1088.088 998.999 1015.015 954.955 893.894 884.885 848.849 752.753 
773.774 729.730 690.691 684.685 616.617 614.615 670.671 578.579 
539.539 
