LGT.DCD 
10563335
10
1
2
41
41
68.068 84.084 65.065 90.090 64.064 71.071 80.080 62.062 
68.068 68.068 86.086 73.073 66.066 81.081 75.075 80.080 
69.069 67.067 69.069 71.071 71.071 74.074 73.073 74.074 
79.079 81.081 72.072 79.079 81.081 74.074 51.051 68.068 
70.070 94.094 88.088 70.070 83.083 60.060 78.078 73.073 
59.059 
1785.786 1872.873 2003.003 2144.144 2449.449 2493.493 2821.822 3008.008 
3244.244 3516.516 3880.881 4460.460 4954.955 5575.575 6228.228 7103.103 
8296.296 9530.530 11418.418 13513.513 16468.467 19609.609 23915.915 29102.101 
36559.557 44384.382 49176.176 49352.350 45204.202 39301.298 33129.126 27245.244 
22343.343 18784.783 15698.698 13285.284 11213.212 9427.427 8204.204 7157.157 
6318.318 
