LGT.DCD 
10563335
25
1
2
41
41
46.046 56.056 63.063 61.061 64.064 51.051 54.054 57.057 
62.062 64.064 47.047 57.057 59.059 60.060 54.054 57.057 
58.058 59.059 64.064 59.059 68.068 53.053 65.065 64.064 
48.048 57.057 58.058 52.052 53.053 72.072 42.042 57.057 
58.058 55.055 58.058 55.055 58.058 52.052 57.057 54.054 
61.061 
2414.414 2650.651 2807.808 3118.118 3472.472 4050.050 4469.469 5012.012 
5749.749 6607.608 7599.599 8782.782 10680.680 12832.833 15090.089 18543.542 
22505.504 27876.876 34189.188 37650.648 38119.116 34944.945 29855.855 24335.334 
19831.830 16293.292 13253.252 10826.827 9115.115 7804.804 6648.648 5766.766 
5087.087 4570.570 3994.995 3532.532 3271.271 2900.901 2641.641 2375.375 
2165.165 
