LGT.DCD 
10563335
-40
1
2
81
81
92.092 65.065 76.076 81.081 96.096 65.065 74.074 93.093 
80.080 79.079 81.081 69.069 63.063 89.089 102.102 80.080 
65.065 94.094 81.081 84.084 80.080 66.066 95.095 80.080 
106.106 71.071 90.090 88.088 88.088 75.075 92.092 71.071 
81.081 82.082 77.077 73.073 89.089 79.079 90.090 96.096 
77.077 67.067 58.058 92.092 77.077 71.071 68.068 89.089 
81.081 76.076 82.082 81.081 93.093 74.074 90.090 85.085 
83.083 59.059 82.082 72.072 99.099 78.078 71.071 84.084 
103.103 79.079 76.076 79.079 81.081 100.100 88.088 82.082 
92.092 59.059 84.084 93.093 99.099 98.098 73.073 83.083 
67.067 
3369.369 3372.372 3574.574 3635.635 3853.854 3889.890 4074.074 4223.223 
4267.267 4449.449 4610.610 4737.737 5016.016 5212.212 5320.320 5556.556 
5870.871 6007.007 6282.282 6533.533 6990.991 7105.105 7407.407 7813.813 
8227.227 8670.670 9089.089 9344.344 9965.966 10531.531 11116.116 11636.636 
12480.480 13358.358 13938.938 14911.911 15696.696 16842.841 17976.976 18883.884 
20263.263 21232.232 22093.093 22797.797 22713.714 22603.602 22056.056 20676.675 
19663.663 18420.419 17499.499 16295.295 14935.935 14019.018 13101.100 12235.235 
11296.296 10536.536 9864.865 9259.259 9054.054 8212.212 7853.853 7500.500 
7019.019 6840.840 6325.325 6091.091 5726.726 5392.392 5267.267 5013.013 
4721.721 4661.661 4539.539 4195.195 4085.085 3922.923 3858.859 3672.673 
3493.493 
