LGT.DCD 
10563335
10
1
2
51
51
63.063 74.074 85.085 78.078 76.076 83.083 88.088 91.091 
69.069 81.081 70.070 79.079 65.065 68.068 69.069 69.069 
84.084 75.075 62.062 80.080 73.073 74.074 88.088 72.072 
74.074 76.076 57.057 62.062 85.085 65.065 66.066 69.069 
75.075 55.055 64.064 74.074 74.074 82.082 84.084 79.079 
77.077 69.069 84.084 76.076 79.079 76.076 58.058 72.072 
78.078 71.071 66.066 
1828.829 2042.042 2194.194 2332.332 2646.647 2958.959 3191.191 3601.601 
3882.883 4304.304 4916.917 5288.288 6076.076 6808.808 7845.845 8862.862 
10088.088 11977.977 13641.641 15889.889 18502.502 21079.078 23957.957 27132.130 
29692.690 32245.245 33674.673 33030.028 30741.740 27691.691 24206.204 20948.949 
17994.994 14864.865 12527.527 10452.452 9081.081 7683.684 6570.570 5804.805 
5063.063 4367.367 3957.958 3478.478 3116.116 2918.919 2561.561 2384.384 
2175.175 1992.993 1874.875 
