LGT.DCD 
10563335
-20
1
2
41
41
46.046 47.047 43.043 58.058 41.041 52.052 42.042 46.046 
60.060 42.042 44.044 47.047 55.055 36.036 46.046 44.044 
44.044 49.049 33.033 42.042 38.038 54.054 39.039 52.052 
43.043 58.058 53.053 52.052 46.046 48.048 44.044 52.052 
48.048 50.050 42.042 49.049 39.039 47.047 44.044 45.045 
53.053 
993.994 1088.088 1226.226 1300.300 1416.416 1575.576 1612.613 1888.889 
2157.157 2461.461 2732.733 3229.229 3768.769 4398.398 5347.347 6261.261 
7191.191 7837.837 7875.876 7236.236 6470.470 5464.464 4774.774 4077.077 
3564.564 2988.989 2722.723 2444.444 2133.133 1919.920 1686.687 1594.595 
1350.350 1305.305 1111.111 1015.015 989.990 950.951 883.884 722.723 
768.769 
