LGT.DCD 
10563335
-20
0.5
2
81
81
54.054 52.052 55.055 56.056 46.046 59.059 47.047 57.057 
70.070 42.042 48.048 55.055 40.040 47.047 47.047 54.054 
64.064 52.052 51.051 63.063 52.052 50.050 50.050 42.042 
37.037 51.051 52.052 65.065 52.052 52.052 48.048 47.047 
51.051 53.053 42.042 52.052 51.051 46.046 42.042 56.056 
47.047 39.039 58.058 53.053 47.047 47.047 70.070 66.066 
55.055 48.048 50.050 69.069 52.052 54.054 52.052 46.046 
50.050 43.043 57.057 47.047 64.064 51.051 48.048 57.057 
41.041 55.055 56.056 46.046 52.052 73.073 55.055 62.062 
48.048 41.041 63.063 46.046 69.069 48.048 42.042 45.045 
50.050 
2902.903 2817.818 2953.954 2939.940 2901.902 3047.047 2975.976 3120.120 
3052.052 3101.101 3117.117 3177.177 3303.303 3048.048 3242.242 3246.246 
3311.311 3276.276 3203.203 3260.260 3377.377 3328.328 3381.381 3419.419 
3573.573 3560.560 3624.625 3534.534 3536.536 3653.653 3630.631 3744.745 
3687.687 3786.787 3805.806 3894.895 3859.860 4048.048 3994.995 3998.999 
4172.172 4090.090 4206.206 4175.175 4118.118 4437.437 4278.278 4237.237 
4394.394 4411.411 4504.504 4458.458 4525.525 4608.609 4542.542 4704.705 
4725.725 4543.543 4630.630 4887.888 4930.931 4911.912 4783.784 4914.915 
4871.872 4950.951 4922.923 5015.015 5024.024 5243.243 5073.073 5193.193 
5055.055 5217.217 5136.136 5136.136 5155.155 5163.163 5025.025 5217.217 
5153.153 
