LGT.DCD 
10563335
10
1
2
51
51
69.069 88.088 84.084 87.087 74.074 62.062 79.079 76.076 
70.070 65.065 68.068 80.080 78.078 83.083 76.076 75.075 
82.082 81.081 75.075 71.071 60.060 62.062 70.070 85.085 
71.071 79.079 82.082 83.083 81.081 99.099 74.074 49.049 
70.070 75.075 73.073 68.068 89.089 72.072 66.066 92.092 
90.090 82.082 73.073 70.070 80.080 80.080 78.078 71.071 
79.079 78.078 81.081 
3068.068 3448.448 3647.647 4019.019 4487.487 4925.925 5545.545 5953.953 
6738.738 7543.543 8256.256 9519.519 10413.413 11800.801 13161.161 14270.270 
15567.567 17135.135 18270.269 19946.946 21881.881 23330.329 25231.230 27817.816 
29125.125 29506.505 27678.677 24322.322 20644.643 17221.221 14484.484 11830.830 
9973.974 8324.324 7050.050 6087.087 5177.177 4497.497 4074.074 3727.727 
3244.244 2921.922 2737.738 2332.332 2167.167 1980.981 1800.801 1654.655 
1526.526 1460.460 1341.341 
