LGT.DCD 
10563335
40
1
2
51
51
12.012 13.013 23.023 12.012 14.014 14.014 14.014 17.017 
24.024 15.015 13.013 16.016 19.019 18.018 15.015 15.015 
17.017 17.017 12.012 9.009 24.024 10.010 14.014 24.024 
16.016 12.012 12.012 18.018 18.018 16.016 16.016 8.008 
12.012 19.019 15.015 16.016 11.011 15.015 16.016 11.011 
13.013 12.012 8.008 25.025 10.010 15.015 12.012 16.016 
14.014 14.014 11.011 
7.007 2.002 5.005 4.004 9.009 4.004 6.006 5.005 
4.004 5.005 7.007 4.004 8.008 4.004 4.004 3.003 
4.004 4.004 7.007 3.003 5.005 3.003 5.005 6.006 
5.005 4.004 3.003 2.002 6.006 8.008 2.002 5.005 
3.003 5.005 4.004 3.003 5.005 4.004 10.010 2.002 
3.003 3.003 3.003 1.001 6.006 1.001 7.007 3.003 
3.003 3.003 4.004 
