LGT.DCD 
10563335
15
1
2
46
46
67.067 67.067 74.074 71.071 56.056 57.057 67.067 75.075 
75.075 59.059 56.056 66.066 61.061 78.078 61.061 74.074 
52.052 61.061 71.071 78.078 66.066 64.064 75.075 62.062 
67.067 63.063 62.062 57.057 84.084 73.073 77.077 72.072 
77.077 74.074 68.068 62.062 58.058 76.076 79.079 77.077 
73.073 79.079 85.085 51.051 55.055 72.072 
2634.635 2876.877 3098.098 3581.581 3815.816 4374.374 4809.809 5451.451 
6267.267 7196.196 8307.307 9881.881 11968.969 14524.524 17636.636 21615.615 
26564.562 32874.873 40821.821 46310.308 47276.273 44715.715 38727.724 32500.498 
26254.252 21654.654 17245.244 14462.462 11956.956 10154.153 8661.662 7399.399 
6344.344 5827.828 4891.892 4272.272 3893.894 3365.365 3089.089 2738.739 
2464.464 2232.232 2133.133 1947.948 1749.750 1610.611 
