LGT.DCD 
10563335
-40
1
2
81
81
56.056 50.050 58.058 45.045 37.037 55.055 54.054 55.055 
61.061 49.049 55.055 57.057 47.047 49.049 48.048 62.062 
54.054 49.049 56.056 48.048 53.053 57.057 49.049 61.061 
61.061 60.060 56.056 64.064 58.058 57.057 52.052 55.055 
50.050 50.050 56.056 50.050 42.042 54.054 48.048 45.045 
57.057 50.050 48.048 55.055 56.056 68.068 43.043 54.054 
40.040 62.062 51.051 73.073 50.050 71.071 63.063 53.053 
63.063 49.049 60.060 49.049 66.066 57.057 45.045 54.054 
44.044 54.054 47.047 46.046 50.050 45.045 61.061 71.071 
49.049 50.050 45.045 53.053 40.040 63.063 59.059 61.061 
43.043 
1378.378 1384.384 1442.442 1512.512 1519.519 1452.452 1473.473 1580.581 
1532.532 1673.674 1542.543 1622.623 1669.670 1553.554 1664.665 1622.623 
1864.865 1704.705 1780.781 1763.764 1850.851 1907.908 1907.908 1891.892 
1940.941 1966.967 1996.997 1994.995 2028.028 2112.112 2182.182 2178.178 
2243.243 2220.220 2294.294 2296.296 2400.400 2458.458 2418.418 2456.456 
2423.423 2602.603 2677.678 2685.686 2763.764 2738.739 2799.800 2959.960 
2907.908 2952.953 3099.099 3125.125 3258.258 3226.226 3408.408 3453.453 
3520.520 3484.484 3626.627 3648.649 3831.832 3857.858 3953.954 4027.027 
4158.158 4246.246 4332.332 4496.496 4478.478 4599.599 4657.657 4731.732 
5017.017 4857.857 5092.092 5126.126 5009.009 5038.038 5054.054 5065.065 
5134.134 
