LGT.DCD 
10563335
-20
0.5
2
81
81
20.020 11.011 16.016 24.024 22.022 22.022 14.014 20.020 
23.023 23.023 26.026 18.018 22.022 22.022 20.020 15.015 
26.026 16.016 25.025 22.022 19.019 18.018 16.016 19.019 
25.025 12.012 22.022 24.024 18.018 22.022 23.023 18.018 
29.029 18.018 21.021 20.020 29.029 20.020 19.019 30.030 
26.026 23.023 22.022 22.022 17.017 17.017 27.027 17.017 
20.020 18.018 23.023 28.028 25.025 18.018 19.019 22.022 
17.017 24.024 31.031 26.026 21.021 24.024 15.015 28.028 
19.019 15.015 15.015 21.021 20.020 19.019 24.024 18.018 
26.026 22.022 20.020 19.019 19.019 14.014 29.029 23.023 
16.016 
512.512 492.492 572.573 566.567 609.610 625.626 615.616 661.662 
717.718 745.746 742.743 825.826 785.786 947.948 912.913 965.966 
1012.012 1117.117 1154.154 1164.164 1251.251 1324.324 1344.344 1441.441 
1574.575 1712.713 1905.906 1922.923 2186.186 2294.294 2561.561 2758.759 
3008.008 3261.261 3439.439 3740.741 3997.998 4102.102 4245.245 4301.301 
4364.364 3967.968 3823.824 3588.588 3092.092 2744.745 2502.502 2174.174 
2044.044 1796.797 1648.649 1505.505 1426.426 1283.283 1253.253 1089.089 
1006.006 979.980 972.973 847.848 792.793 765.766 781.782 775.776 
670.671 656.657 635.636 562.563 539.539 521.521 517.517 504.504 
479.479 483.483 439.439 408.408 406.406 454.454 419.419 407.407 
379.379 
