LGT.DCD 
10563335
10
1
2
41
41
66.066 83.083 67.067 75.075 65.065 71.071 68.068 79.079 
78.078 91.091 68.068 83.083 70.070 83.083 70.070 82.082 
73.073 86.086 79.079 86.086 82.082 89.089 75.075 92.092 
95.095 91.091 82.082 84.084 88.088 84.084 62.062 70.070 
87.087 76.076 70.070 96.096 87.087 72.072 82.082 68.068 
76.076 
4316.316 4927.928 5562.562 6465.465 7190.190 8416.416 9980.980 11269.268 
13231.231 16149.148 19543.542 23494.494 29130.129 35954.954 42540.537 46766.763 
45983.980 41386.385 36315.314 30838.837 26571.570 22803.803 19155.154 16232.232 
13862.862 11679.679 9915.915 8523.523 7513.513 6580.580 5713.713 5023.023 
4502.502 3978.979 3735.735 3395.395 2975.976 2720.721 2520.520 2399.399 
2147.147 
