LGT.DCD 
10563335
-40
1
2
81
81
74.074 72.072 88.088 82.082 75.075 77.077 75.075 78.078 
68.068 76.076 101.101 70.070 91.091 75.075 62.062 77.077 
69.069 92.092 69.069 81.081 90.090 90.090 52.052 88.088 
86.086 65.065 72.072 69.069 63.063 78.078 69.069 70.070 
86.086 62.062 64.064 94.094 60.060 65.065 71.071 89.089 
84.084 77.077 74.074 75.075 66.066 81.081 84.084 86.086 
92.092 65.065 77.077 81.081 59.059 78.078 86.086 81.081 
74.074 64.064 78.078 67.067 78.078 92.092 86.086 67.067 
89.089 73.073 84.084 79.079 96.096 93.093 77.077 79.079 
89.089 80.080 61.061 83.083 78.078 74.074 76.076 88.088 
79.079 
14651.651 15339.339 16095.094 17003.001 17859.859 18806.806 19737.737 20816.815 
22202.201 23109.109 24830.830 26343.342 28280.280 29601.601 31270.268 33743.742 
35634.634 38464.464 41165.163 44121.118 46451.448 50065.061 52939.939 55518.518 
58200.196 61247.243 62570.569 63622.620 63967.965 63553.552 62730.729 61644.643 
60126.122 57470.468 55274.270 52882.879 50157.156 47763.761 45091.089 42779.779 
40575.575 38374.373 36129.126 34110.110 31856.856 30691.691 28958.958 27488.488 
26072.072 24708.707 23482.482 22378.377 21010.009 20144.143 19509.509 18460.460 
17749.749 16848.848 16184.184 15393.393 15101.100 14464.464 13859.859 13241.241 
12663.663 12189.188 11905.905 11509.509 11181.180 10701.702 10251.251 9831.831 
9583.583 9180.180 9025.025 8746.747 8472.472 8185.185 7940.940 7832.832 
7426.426 
