LGT.DCD 
10563335
-20
1
2
41
41
78.078 58.058 71.071 84.084 59.059 80.080 80.080 61.061 
68.068 79.079 86.086 79.079 74.074 76.076 81.081 64.064 
86.086 66.066 82.082 65.065 68.068 67.067 74.074 69.069 
66.066 72.072 78.078 72.072 52.052 76.076 77.077 73.073 
79.079 68.068 71.071 65.065 80.080 69.069 63.063 71.071 
77.077 
2354.354 2494.494 2740.741 2962.963 3472.472 3746.747 4232.232 4532.532 
5085.085 5725.725 6461.461 7302.302 8427.427 9509.509 10973.974 12491.491 
13707.707 15287.287 16011.010 16691.692 16329.328 16044.044 15985.985 16178.178 
16471.471 17028.028 17424.424 17658.658 18265.264 19261.260 19429.429 19360.360 
18564.563 17157.157 15379.379 13382.382 11473.473 9915.915 8584.584 7400.400 
6308.308 
