LGT.DCD 
10563335
30
1
2
46
46
48.048 34.034 42.042 36.036 45.045 38.038 40.040 43.043 
45.045 45.045 39.039 39.039 42.042 45.045 40.040 37.037 
32.032 47.047 47.047 43.043 40.040 44.044 51.051 43.043 
41.041 31.031 50.050 37.037 52.052 41.041 37.037 34.034 
51.051 54.054 61.061 43.043 47.047 46.046 45.045 45.045 
34.034 55.055 50.050 42.042 46.046 39.039 
761.762 798.799 824.825 877.878 935.936 990.991 1096.096 1134.134 
1249.249 1344.344 1516.516 1591.592 1770.771 2004.004 2191.191 2397.397 
2700.701 3016.016 3454.454 3993.994 4366.366 5309.309 6274.274 7567.567 
9002.001 11141.140 13670.670 16478.479 20241.240 23685.685 25827.826 25016.015 
22501.500 19314.313 15975.975 13012.012 10845.846 9087.086 7604.604 6134.134 
5286.286 4652.653 3857.858 3502.502 3057.057 2710.711 
