LGT.DCD 
10563335
15
1
2
46
46
71.071 66.066 65.065 59.059 52.052 56.056 57.057 76.076 
68.068 64.064 74.074 83.083 63.063 50.050 73.073 57.057 
69.069 52.052 70.070 62.062 75.075 56.056 57.057 69.069 
61.061 62.062 75.075 57.057 85.085 63.063 76.076 57.057 
70.070 70.070 80.080 73.073 83.083 76.076 68.068 71.071 
62.062 74.074 70.070 78.078 67.067 65.065 
2084.084 2342.342 2511.511 2617.617 2870.871 3215.215 3559.559 3868.869 
4335.335 4998.999 5740.741 6334.334 7395.395 8569.569 10101.100 11892.892 
14012.012 17548.547 21200.200 25979.979 31938.937 39016.016 44390.386 45400.400 
41865.866 36969.969 31039.038 25796.796 21640.639 18035.033 14972.972 12508.508 
10468.468 8854.854 7634.634 6585.585 5736.737 4932.933 4435.435 4018.018 
3536.536 3270.270 2955.956 2697.698 2474.474 2230.230 
