LGT.DCD 
10563335
-40
1
2
81
81
111.111 94.094 97.097 93.093 87.087 91.091 84.084 110.110 
88.088 100.100 93.093 87.087 85.085 91.091 94.094 105.105 
99.099 112.112 97.097 86.086 91.091 102.102 111.111 89.089 
96.096 92.092 103.103 90.090 91.091 112.112 84.084 87.087 
87.087 97.097 106.106 87.087 113.113 92.092 78.078 79.079 
101.101 90.090 96.096 88.088 95.095 84.084 90.090 109.109 
97.097 99.099 116.116 84.084 89.089 103.103 89.089 79.079 
94.094 104.104 107.107 87.087 83.083 90.090 101.101 106.106 
80.080 104.104 97.097 86.086 83.083 87.087 77.077 72.072 
73.073 90.090 94.094 101.101 87.087 97.097 100.100 101.101 
99.099 
3542.542 3685.685 3828.829 3886.887 4122.122 4273.273 4341.341 4695.696 
4803.804 5052.052 5307.307 5616.616 5769.769 5944.945 6407.407 6642.642 
6927.928 7282.282 7726.726 8105.105 8436.436 8821.822 9350.350 9903.903 
10359.359 10867.867 11545.545 12205.204 12841.841 13316.316 13990.990 14818.818 
15375.375 15868.868 16415.414 16896.896 16867.868 17218.217 17258.258 17240.239 
17465.465 16808.808 16421.420 16348.348 15792.792 15116.116 14582.582 14170.169 
13703.703 13053.052 12483.483 12139.139 11403.403 10891.891 10390.390 9974.974 
9317.317 8882.883 8574.574 7979.980 7700.700 7270.270 6918.919 6501.501 
6413.413 5945.945 5690.690 5524.524 5205.205 4936.937 4865.865 4470.470 
4324.324 4199.199 4002.002 3810.811 3698.699 3478.478 3329.329 3313.313 
3111.111 
