LGT.DCD 
10563335
-40
1
2
81
81
83.083 83.083 74.074 56.056 65.065 81.081 72.072 90.090 
75.075 63.063 79.079 79.079 72.072 66.066 69.069 66.066 
77.077 86.086 75.075 78.078 83.083 62.062 69.069 91.091 
82.082 73.073 65.065 74.074 81.081 106.106 80.080 92.092 
76.076 72.072 89.089 79.079 75.075 66.066 81.081 79.079 
75.075 74.074 51.051 62.062 69.069 81.081 68.068 74.074 
75.075 75.075 83.083 68.068 71.071 70.070 79.079 89.089 
63.063 61.061 75.075 76.076 66.066 79.079 92.092 65.065 
84.084 65.065 75.075 72.072 81.081 72.072 89.089 73.073 
75.075 79.079 93.093 76.076 73.073 58.058 73.073 73.073 
96.096 
3381.381 3637.637 3734.735 3858.859 3907.908 4079.079 4227.227 4473.473 
4454.454 4769.769 5013.013 5181.181 5320.320 5505.505 5764.765 5942.943 
6119.119 6515.515 6929.929 7002.002 7334.334 7664.664 8018.017 8303.303 
8821.822 9147.147 9627.627 9859.859 10308.308 10669.670 11322.321 11542.542 
11831.831 12091.091 12269.268 12292.292 11935.935 12113.113 11630.630 11246.246 
10682.682 10612.612 10034.033 9772.772 9371.371 9130.129 8811.811 8504.504 
8158.158 7859.860 7595.595 7242.242 7206.206 6932.933 6499.499 6366.366 
6282.282 5950.951 5832.833 5614.614 5412.412 5115.115 5062.062 4997.998 
4850.851 4710.710 4591.591 4406.406 4239.239 4092.092 4091.091 3929.930 
3883.884 3678.679 3606.607 3598.598 3416.416 3303.303 3270.270 3166.166 
3166.166 
