LGT.DCD 
10563335
5
1
2
41
41
53.053 77.077 77.077 70.070 78.078 84.084 69.069 80.080 
77.077 59.059 90.090 92.092 72.072 84.084 60.060 58.058 
64.064 60.060 64.064 77.077 78.078 43.043 72.072 58.058 
71.071 77.077 60.060 81.081 75.075 89.089 65.065 76.076 
72.072 62.062 74.074 76.076 73.073 71.071 82.082 69.069 
85.085 
1322.322 1372.372 1503.503 1490.490 1630.631 1732.733 1882.883 2101.101 
2247.247 2310.310 2635.635 2743.744 3105.105 3234.234 3575.575 4054.054 
4451.451 4990.991 5681.681 6337.337 7362.362 8307.307 9858.859 11687.687 
14092.092 16773.772 20428.428 24999.999 30582.581 37389.387 44807.806 48841.840 
47960.958 43302.301 36521.521 30269.269 24804.805 20363.362 16502.502 13927.927 
11965.966 
