LGT.DCD 
10563335
20
1
2
51
51
83.083 81.081 97.097 73.073 82.082 63.063 68.068 77.077 
76.076 66.066 79.079 86.086 74.074 75.075 71.071 52.052 
89.089 72.072 94.094 63.063 85.085 70.070 71.071 81.081 
76.076 67.067 77.077 74.074 74.074 61.061 76.076 69.069 
86.086 71.071 93.093 80.080 86.086 76.076 94.094 86.086 
91.091 69.069 89.089 62.062 86.086 87.087 91.091 85.085 
79.079 86.086 80.080 
1211.211 1328.328 1437.437 1481.481 1489.489 1647.648 1783.784 1843.844 
2003.003 2248.248 2303.303 2496.496 2619.619 2849.850 3087.087 3398.398 
3708.709 4115.115 4580.580 4874.875 5575.575 6434.434 7235.235 8397.397 
9732.732 11357.356 13506.506 16468.467 19843.843 23882.882 30203.202 36055.052 
41160.158 43157.156 42362.360 39293.291 34533.533 29553.551 24826.825 21008.008 
17663.663 15037.036 12723.723 11052.052 9361.361 8223.223 7081.081 6317.317 
5544.544 4938.939 4443.443 
