LGT.DCD 
10563335
10
1
2
51
51
80.080 91.091 65.065 72.072 79.079 92.092 64.064 81.081 
81.081 78.078 77.077 78.078 85.085 87.087 71.071 84.084 
69.069 74.074 64.064 88.088 73.073 80.080 82.082 75.075 
80.080 73.073 70.070 68.068 80.080 79.079 56.056 83.083 
89.089 79.079 72.072 77.077 58.058 72.072 78.078 81.081 
71.071 94.094 86.086 93.093 70.070 71.071 81.081 88.088 
89.089 79.079 75.075 
864.865 930.931 971.972 981.982 1095.095 1136.136 1244.244 1270.270 
1340.340 1450.450 1472.472 1575.576 1799.800 1863.864 1983.984 2127.127 
2369.369 2582.582 2768.769 3100.100 3469.469 3848.849 4226.226 4759.760 
5320.320 6106.106 6790.790 7844.844 9177.177 10789.790 12764.764 15350.350 
18695.695 22695.695 27271.269 32160.159 36523.524 40431.429 41123.121 39247.244 
35285.284 30649.649 25912.911 21113.112 17755.756 14676.676 12360.360 10449.449 
9016.016 7821.821 6889.889 
