LGT.DCD 
10563335
-20
1
2
61
61
71.071 63.063 77.077 62.062 75.075 89.089 73.073 73.073 
80.080 64.064 65.065 74.074 81.081 80.080 70.070 77.077 
74.074 85.085 76.076 73.073 72.072 72.072 79.079 74.074 
71.071 66.066 77.077 74.074 90.090 76.076 65.065 81.081 
84.084 65.065 71.071 80.080 77.077 53.053 61.061 68.068 
73.073 64.064 74.074 67.067 66.066 73.073 80.080 67.067 
70.070 62.062 74.074 77.077 73.073 85.085 75.075 78.078 
82.082 82.082 71.071 71.071 84.084 
1674.675 1770.771 1825.826 2038.038 2138.138 2324.324 2483.483 2755.756 
2882.883 3101.101 3349.349 3562.562 3869.870 4293.293 4639.640 4893.893 
5449.449 6125.125 6664.664 7543.543 8131.131 8968.969 9453.453 9886.886 
9613.614 9583.583 9302.302 9185.185 8939.939 9048.048 8755.755 8950.950 
8803.803 9142.142 9293.293 9881.881 10348.348 11002.001 11839.839 12509.508 
13549.548 14880.881 16116.115 18195.193 18943.942 20178.178 19621.621 17885.884 
15628.628 13294.294 10697.697 9015.014 7490.490 6357.357 5304.304 4588.588 
4107.107 3596.596 3196.196 2868.869 2542.542 
