LGT.DCD 
10563335
-20
1
2
41
41
64.064 64.064 62.062 72.072 63.063 45.045 51.051 63.063 
69.069 71.071 50.050 65.065 51.051 60.060 71.071 54.054 
55.055 64.064 66.066 69.069 74.074 73.073 73.073 66.066 
52.052 70.070 64.064 62.062 70.070 71.071 60.060 68.068 
73.073 69.069 64.064 79.079 59.059 74.074 78.078 52.052 
83.083 
2482.482 2648.649 2922.923 3189.189 3334.334 3698.699 4084.084 4536.536 
5059.059 5554.554 6630.630 7532.532 8702.702 10181.180 12067.067 14493.492 
17288.287 19994.994 22643.643 23873.874 24186.185 23220.219 21100.099 18300.300 
15516.516 13398.398 11141.140 9354.353 7948.948 6830.831 5892.893 5220.220 
4437.437 4005.005 3508.508 3178.178 2908.909 2648.649 2345.345 2163.163 
1929.930 
