LGT.DCD 
10563335
0
1
2
124
124
28.028 29.029 34.034 35.035 30.030 35.035 31.031 25.025 
29.029 39.039 41.041 35.035 34.034 25.025 25.025 21.021 
28.028 26.026 37.037 29.029 35.035 27.027 26.026 29.029 
41.041 26.026 41.041 31.031 23.023 34.034 28.028 23.023 
27.027 28.028 23.023 21.021 28.028 30.030 30.030 33.033 
28.028 43.043 35.035 42.042 28.028 30.030 33.033 38.038 
23.023 26.026 22.022 26.026 26.026 36.036 22.022 30.030 
33.033 33.033 33.033 36.036 29.029 25.025 33.033 31.031 
31.031 31.031 23.023 31.031 34.034 34.034 31.031 30.030 
37.037 27.027 32.032 30.030 34.034 33.033 33.033 34.034 
36.036 34.034 27.027 29.029 32.032 30.030 37.037 24.024 
36.036 26.026 35.035 36.036 26.026 29.029 40.040 26.026 
35.035 30.030 43.043 27.027 25.025 31.031 38.038 32.032 
26.026 36.036 24.024 33.033 36.036 33.033 33.033 34.034 
29.029 35.035 31.031 33.033 35.035 39.039 27.027 36.036 
33.033 36.036 33.033 42.042 
88.088 98.098 91.091 91.091 124.124 118.118 117.117 120.120 
125.125 143.143 135.135 137.137 172.172 160.160 173.173 164.164 
194.194 203.203 194.194 216.216 209.209 222.222 255.255 281.281 
272.272 277.277 316.316 311.311 329.329 400.400 384.384 447.447 
450.450 490.490 546.546 612.613 604.605 671.672 724.725 776.777 
913.914 1009.009 1076.076 1182.182 1371.371 1552.553 1731.732 1924.925 
2187.187 2583.583 3035.035 3482.482 4225.225 5038.038 5967.968 7349.349 
9182.182 11385.385 13630.630 14923.923 14675.675 12425.425 10066.065 8183.182 
6424.424 5289.289 4349.349 3681.681 3063.063 2576.576 2353.353 1997.998 
1775.776 1599.600 1412.412 1231.231 1147.147 1028.028 934.935 869.870 
843.844 698.699 650.651 630.631 557.558 518.518 461.461 459.459 
439.439 413.413 392.392 359.359 331.331 324.324 308.308 277.277 
275.275 267.267 244.244 254.254 219.219 238.238 208.208 173.173 
194.194 193.193 186.186 150.150 151.151 166.166 166.166 160.160 
143.143 122.122 127.127 139.139 129.129 105.105 116.116 125.125 
114.114 94.094 120.120 98.098 
