LGT.DCD 
10563335
25
1
2
41
41
50.050 54.054 65.065 65.065 54.054 49.049 58.058 50.050 
44.044 47.047 47.047 46.046 57.057 50.050 42.042 50.050 
50.050 51.051 48.048 54.054 52.052 41.041 36.036 53.053 
55.055 62.062 56.056 60.060 59.059 52.052 57.057 68.068 
54.054 64.064 54.054 59.059 49.049 47.047 57.057 54.054 
72.072 
1794.795 2009.009 2203.203 2411.411 2662.663 3011.011 3189.189 3728.729 
4164.164 4659.660 5426.426 6399.399 7334.334 8682.683 10411.411 12366.366 
15057.057 18300.300 22976.975 27900.900 32190.188 33279.276 31026.024 26659.659 
22372.371 18306.306 14620.620 12102.102 9873.873 8472.472 7033.033 6139.139 
5212.212 4588.588 4063.063 3503.503 3137.137 2834.835 2614.615 2407.407 
2168.168 
