LGT.DCD 
10563335
-40
1
2
81
81
99.099 85.085 72.072 105.105 76.076 73.073 74.074 76.076 
70.070 70.070 82.082 71.071 77.077 85.085 81.081 77.077 
79.079 78.078 85.085 85.085 79.079 85.085 78.078 76.076 
66.066 86.086 68.068 67.067 74.074 69.069 64.064 79.079 
71.071 73.073 74.074 101.101 68.068 68.068 93.093 78.078 
88.088 89.089 72.072 73.073 78.078 76.076 65.065 67.067 
77.077 86.086 80.080 87.087 68.068 81.081 61.061 69.069 
92.092 73.073 72.072 74.074 90.090 82.082 96.096 71.071 
63.063 94.094 87.087 84.084 79.079 80.080 76.076 78.078 
104.104 66.066 76.076 65.065 77.077 72.072 87.087 75.075 
87.087 
825.826 918.919 957.958 993.994 1109.109 1104.104 1258.258 1375.375 
1438.438 1526.526 1667.668 1715.716 1826.827 2070.070 2184.184 2338.338 
2502.502 2863.864 3125.125 3546.546 3729.729 4194.194 4783.784 5217.217 
5908.909 6763.764 7696.696 9106.105 10703.703 12551.551 14613.613 17792.792 
21255.254 25546.546 31076.075 36916.914 43405.405 47098.097 46829.828 43346.346 
38302.301 31709.708 25899.899 21600.600 17878.879 14906.906 12606.606 10554.554 
9284.284 7915.916 6965.965 6266.266 5456.456 4802.803 4394.394 3881.882 
3500.500 3236.236 2963.964 2746.747 2509.509 2297.297 2075.075 1977.978 
1803.804 1743.744 1572.573 1475.475 1378.378 1289.289 1208.208 1133.133 
1086.086 934.935 953.954 924.925 916.917 877.878 796.797 775.776 
749.750 
