LGT.DCD 
10563335
35
1
2
56
56
15.015 12.012 15.015 23.023 18.018 19.019 18.018 9.009 
19.019 17.017 7.007 18.018 12.012 17.017 13.013 22.022 
14.014 12.012 19.019 19.019 12.012 13.013 11.011 15.015 
22.022 17.017 13.013 18.018 13.013 11.011 10.010 11.011 
16.016 19.019 9.009 23.023 14.014 16.016 13.013 8.008 
19.019 15.015 18.018 14.014 20.020 12.012 10.010 14.014 
15.015 11.011 14.014 14.014 20.020 14.014 15.015 10.010 
7.007 3.003 6.006 6.006 5.005 6.006 5.005 2.002 
3.003 3.003 4.004 6.006 8.008 3.003 4.004 5.005 
3.003 3.003 5.005 4.004 7.007 5.005 1.001 5.005 
4.004 4.004 8.008 4.004 7.007 10.010 5.005 6.006 
2.002 3.003 6.006 7.007 2.002 1.001 7.007 4.004 
2.002 6.006 1.001 6.006 1.001 2.002 4.004 5.005 
8.008 4.004 6.006 6.006 3.003 3.003 3.003 5.005 
