LGT.DCD 
10563335
15
1
2
46
46
61.061 78.078 66.066 74.074 69.069 71.071 69.069 76.076 
48.048 60.060 63.063 73.073 55.055 61.061 52.052 61.061 
66.066 74.074 58.058 80.080 62.062 63.063 64.064 56.056 
71.071 51.051 51.051 61.061 76.076 78.078 53.053 71.071 
60.060 51.051 53.053 59.059 67.067 59.059 67.067 70.070 
76.076 69.069 67.067 58.058 69.069 66.066 
1636.637 1786.787 1826.827 1970.971 2118.118 2300.300 2532.532 2704.705 
2935.936 3196.196 3583.583 3916.917 4319.319 4887.888 5755.756 6445.445 
7446.446 8540.540 9944.945 12006.006 14248.247 17258.258 21258.258 25979.979 
32007.006 38956.957 43914.911 44463.461 39665.663 34481.478 29221.221 24494.494 
20554.553 17022.021 14273.273 12058.057 10269.269 8632.632 7338.338 6440.440 
5643.644 4838.839 4341.341 3824.825 3494.494 3183.183 
