LGT.DCD 
10563335
25
1
2
41
41
55.055 48.048 48.048 41.041 54.054 63.063 49.049 39.039 
48.048 55.055 53.053 43.043 56.056 53.053 46.046 60.060 
55.055 55.055 49.049 44.044 46.046 38.038 52.052 52.052 
36.036 47.047 54.054 44.044 36.036 51.051 38.038 57.057 
51.051 42.042 53.053 48.048 57.057 59.059 47.047 55.055 
62.062 
847.848 907.908 986.987 1009.009 1073.073 1156.156 1266.266 1344.344 
1493.493 1551.552 1708.709 1826.827 2013.013 2064.064 2379.379 2533.533 
2808.809 3308.308 3576.576 4038.038 4603.604 5337.337 6085.085 7395.395 
8629.630 10598.598 12635.635 15655.655 19087.087 23560.559 27817.816 30729.729 
30028.027 27736.735 23955.954 19952.952 16444.444 13592.592 11279.279 9496.496 
7833.833 
