LGT.DCD 
10563335
15
1
2
46
46
61.061 66.066 75.075 54.054 59.059 64.064 66.066 72.072 
59.059 59.059 71.071 60.060 55.055 67.067 60.060 60.060 
43.043 61.061 64.064 76.076 59.059 64.064 54.054 41.041 
73.073 76.076 61.061 65.065 49.049 57.057 61.061 56.056 
55.055 65.065 45.045 60.060 77.077 61.061 69.069 54.054 
52.052 68.068 65.065 65.065 57.057 60.060 
1230.230 1229.229 1392.392 1450.450 1635.636 1667.668 1833.834 2027.027 
2135.135 2455.455 2455.455 2721.722 3033.033 3397.397 3832.833 4124.124 
4694.694 5239.239 5965.965 6819.820 7703.704 9099.099 10722.722 13320.319 
15496.495 18851.852 23473.471 28988.987 35637.636 40340.338 40595.594 38080.080 
32785.784 27648.648 22881.881 19006.005 15706.706 13303.303 11196.196 9566.566 
8155.155 7182.182 6255.255 5444.444 4880.881 4318.318 
