LGT.DCD 
10563335
25
1
2
41
41
45.045 59.059 68.068 55.055 55.055 57.057 56.056 48.048 
45.045 59.059 61.061 55.055 62.062 48.048 54.054 56.056 
44.044 69.069 59.059 51.051 61.061 49.049 57.057 49.049 
48.048 59.059 65.065 45.045 61.061 54.054 57.057 54.054 
57.057 53.053 50.050 52.052 44.044 66.066 57.057 57.057 
52.052 
1830.831 2024.024 2250.250 2435.435 2651.651 3017.017 3245.245 3636.637 
4185.185 4727.728 5263.263 6128.128 7198.198 8298.297 9695.695 11708.708 
13832.833 17037.036 20795.794 25566.565 30878.878 35403.403 35639.639 32557.555 
27792.792 23353.352 19160.159 15821.821 12803.803 10738.739 8979.979 7484.484 
6561.561 5592.592 4927.928 4328.328 3795.795 3485.485 3018.018 2841.842 
2394.394 
