LGT.DCD 
10227783
-30
0.5
2
121
121
4156.657 3738.739 3864.865 4086.086 4186.186 4475.475 4740.741 4912.913 
5060.060 5208.208 5582.582 5638.638 5884.885 6185.185 6454.454 6754.754 
6850.851 7354.354 7706.706 8122.121 8454.454 8793.793 9092.092 9422.422 
9787.787 10174.174 10537.537 10893.894 11340.340 11730.730 12548.548 13134.134 
13997.998 14797.797 15597.596 16565.564 17881.881 18494.495 19891.891 21139.138 
22568.568 24092.091 25768.767 27228.226 28911.910 30188.187 32599.596 34464.464 
36341.341 38523.523 40822.821 43489.488 45339.338 47781.778 50603.601 52690.687 
55699.697 57805.802 59796.792 62299.298 63976.975 65945.943 67404.400 68959.958 
70259.259 71062.062 72505.505 72439.434 72978.978 72835.835 73101.101 72890.889 
72607.602 72150.143 72023.022 71226.223 70040.036 70055.050 69355.351 68921.918 
69297.291 68475.476 69015.011 68759.755 69071.065 69141.141 69893.887 70606.602 
71269.268 71954.953 72546.543 73328.328 74715.710 75290.287 76039.036 77304.302 
78011.006 79130.123 79970.966 81119.114 82667.667 83413.410 84763.759 85652.645 
87494.487 88414.409 89587.581 91164.157 92513.507 93062.061 94806.804 96122.119 
97360.355 98403.400 99665.660 99754.748 101079.074 101588.580 101978.976 103160.159 
101777.270 
23.524 22.022 26.026 26.026 23.023 33.033 23.023 29.029 
19.019 15.015 25.025 22.022 23.023 25.025 28.028 26.026 
25.025 19.019 17.017 13.013 31.031 22.022 26.026 28.028 
21.021 27.027 22.022 22.022 34.034 26.026 22.022 33.033 
15.015 23.023 21.021 23.023 24.024 39.039 20.020 13.013 
26.026 21.021 21.021 25.025 17.017 31.031 15.015 18.018 
25.025 33.033 29.029 24.024 23.023 21.021 23.023 19.019 
22.022 21.021 24.024 26.026 21.021 25.025 29.029 24.024 
23.023 16.016 20.020 17.017 22.022 24.024 21.021 21.021 
16.016 28.028 16.016 26.026 24.024 22.022 16.016 18.018 
24.024 22.022 14.014 23.023 37.037 24.024 27.027 24.024 
24.024 22.022 23.023 8.008 18.018 19.019 22.022 21.021 
12.012 21.021 19.019 28.028 22.022 20.020 21.021 20.020 
17.017 20.020 21.021 17.017 23.023 22.022 26.026 21.021 
17.017 21.021 17.017 22.022 24.024 21.021 21.021 17.017 
23.323 
