LGT.DCD 
10227783
-30
0.5
2
121
121
2660.560 2714.715 2824.825 2728.729 2714.715 2949.950 2778.779 2874.875 
3041.041 3084.084 3090.090 3218.218 3279.279 3336.336 3328.328 3513.513 
3475.475 3619.619 3649.649 3752.753 3834.835 3799.800 3823.824 3895.896 
4025.025 4166.166 4359.359 4436.436 4434.434 4561.561 4640.641 4695.696 
4877.877 4819.820 5068.068 5224.224 5393.393 5484.484 5712.712 5660.660 
5817.817 6046.046 6148.148 6171.171 6364.364 6757.757 6686.686 6963.964 
7087.087 7362.362 7579.579 7778.778 7992.992 8092.092 8426.426 8589.589 
8737.737 9122.121 9308.308 9532.532 9814.814 10041.041 10221.220 10344.344 
10509.509 10702.702 10924.924 11143.142 11218.217 11214.214 11212.212 11505.505 
11383.383 11569.569 11339.339 11571.571 11568.568 11257.257 11370.369 11301.300 
11296.296 10886.886 10870.870 10616.616 10567.567 10330.329 9946.947 9966.966 
9728.728 9511.511 9280.280 9108.108 8939.939 8751.751 8203.203 8079.078 
7932.932 7796.796 7543.543 7379.379 7145.145 7192.192 6952.953 6636.636 
6615.616 6373.373 6155.155 6007.007 5933.933 5820.821 5666.666 5550.550 
5369.369 5278.278 5156.156 4964.965 4844.845 4702.702 4770.770 4618.618 
4541.341 
3.303 3.003 5.005 2.002 3.003 1.001 3.003 3.003 
3.003 1.001 2.002 1.001 3.003 1.001 4.004 4.004 
6.006 0.000 1.001 3.003 6.006 2.002 4.004 6.006 
4.004 4.004 4.004 2.002 2.002 2.002 2.002 1.001 
3.003 2.002 5.005 3.003 3.003 2.002 4.004 3.003 
2.002 1.001 3.003 4.004 3.003 2.002 7.007 3.003 
1.001 3.003 4.004 2.002 5.005 4.004 2.002 4.004 
4.004 3.003 7.007 2.002 5.005 2.002 1.001 3.003 
4.004 2.002 5.005 1.001 4.004 2.002 4.004 4.004 
5.005 3.003 6.006 1.001 3.003 5.005 3.003 4.004 
3.003 1.001 3.003 4.004 4.004 1.001 3.003 3.003 
8.008 4.004 0.000 5.005 2.002 3.003 1.001 3.003 
5.005 2.002 3.003 3.003 2.002 1.001 2.002 2.002 
6.006 4.004 7.007 3.003 8.008 4.004 5.005 7.007 
3.003 2.002 3.003 2.002 3.003 2.002 2.002 5.005 
2.803 
