LGT.DCD 
10227783
-30
0.5
2
121
121
17309.308 17701.701 17965.964 18302.301 18268.268 19184.184 19493.493 19818.818 
20195.193 20358.357 20956.956 21643.643 22132.131 22357.356 23014.012 23246.245 
23948.949 24408.408 25166.165 25609.608 26346.345 27093.093 27553.551 28192.191 
28535.534 29478.478 30041.039 30620.619 31224.223 31804.804 32549.548 33709.708 
34279.276 34995.993 35787.787 36439.436 37335.333 38326.323 38876.875 40117.117 
40538.538 41589.586 42273.271 43159.159 44471.468 45024.023 45810.808 46995.992 
47414.411 48192.190 49478.475 49844.842 50607.606 51034.032 51921.918 52651.651 
52966.966 53117.116 53900.899 54029.027 54327.325 54441.438 54507.505 54627.626 
54689.687 54742.742 54502.500 54216.214 54107.103 53466.462 53230.226 52964.963 
52238.237 51929.929 51185.182 50586.584 49671.670 49301.298 48459.459 47842.840 
46648.645 46161.157 45618.616 44296.293 43624.624 42647.646 42114.111 41155.153 
40531.530 39360.357 38604.601 37920.920 36637.636 36048.048 34916.914 34170.168 
33314.314 32517.516 31893.893 31466.465 30535.534 29993.992 29246.245 28415.413 
27668.667 27141.141 26424.424 26015.013 25481.480 25119.118 24369.368 23743.743 
23579.579 22962.962 22344.344 21880.879 21468.467 20840.840 20389.388 20357.356 
19504.304 
922986.834 922986.956 922977.922 922988.970 922986.956 922980.913 922981.951 922985.918 
922985.918 922984.942 922988.970 922983.965 922986.956 922988.970 922984.942 922988.970 
922987.932 922985.918 922997.942 922989.946 922984.942 922989.946 922990.923 922990.923 
922984.942 922986.956 922986.956 922983.965 922989.946 922989.946 922987.932 922995.928 
922983.965 922987.932 922983.965 922987.932 922985.918 922985.918 922986.956 922979.937 
922976.946 922988.970 922988.970 922983.965 922983.965 922982.927 922994.951 922990.923 
922981.951 922986.956 922982.927 922980.913 922982.927 922981.951 922978.960 922990.923 
922991.961 922978.960 922982.927 922980.913 922988.970 922978.960 798303.246 10.010 
8.008 15.015 11.011 20.020 11.011 16.016 14.014 17.017 
11.011 14.014 15.015 11.011 9.009 15.015 19.019 7.007 
17.017 13.013 9.009 13.013 14.014 14.014 16.016 15.015 
16.016 17.017 14.014 21.021 9.009 15.015 13.013 13.013 
14.014 11.011 10.010 14.014 14.014 17.017 15.015 15.015 
16.016 10.010 13.013 15.015 9.009 15.015 14.014 11.011 
10.010 11.011 9.009 15.015 13.013 19.019 12.012 14.014 
12.312 
