LGT.DCD 
10227783
-30
0.5
2
121
121
45016.615 44854.852 45756.754 46630.628 47206.205 47767.767 47996.996 48730.730 
48291.288 48575.574 48258.257 47454.454 47110.109 46487.486 45922.922 45287.287 
44921.919 44335.333 43746.744 42523.523 42275.274 41704.702 41189.188 40294.291 
39305.304 38573.572 37978.975 37370.367 36370.367 35681.681 34878.878 33518.519 
32496.497 31851.851 31030.028 30205.204 29342.341 28332.331 27437.436 26768.767 
25647.647 24838.837 24239.238 23635.634 22802.802 21994.994 21350.348 20135.135 
19498.498 18515.515 17796.796 16607.606 15673.673 14784.784 13939.939 12938.938 
11898.899 10953.953 10192.192 9248.248 8434.434 7644.644 6785.785 6080.080 
5606.606 4912.913 4341.341 4009.009 3360.360 3115.115 2536.536 2326.326 
2017.017 1736.737 1573.574 1415.415 1241.241 1116.116 1043.043 938.939 
863.864 799.800 743.744 626.627 619.620 627.628 573.574 515.515 
463.463 504.504 445.445 439.439 420.420 424.424 362.362 364.364 
364.364 349.349 246.246 5.005 2.002 5.005 2.002 2.002 
3.003 2.002 0.000 2.002 3.003 0.000 2.002 3.003 
1.001 0.000 2.002 3.003 2.002 4.004 1.001 4.004 
3.003 
7.307 10.010 12.012 11.011 11.011 6.006 7.007 7.007 
5.005 11.011 7.007 6.006 5.005 11.011 7.007 6.006 
12.012 2.002 5.005 11.011 7.007 9.009 13.013 11.011 
11.011 8.008 9.009 13.013 5.005 14.014 12.012 12.012 
10.010 9.009 9.009 8.008 10.010 11.011 14.014 12.012 
7.007 11.011 10.010 12.012 11.011 7.007 6.006 3.003 
9.009 11.011 9.009 4.004 8.008 11.011 6.006 8.008 
5.005 9.009 8.008 10.010 11.011 8.008 6.006 12.012 
15.015 3.003 6.006 11.011 11.011 6.006 3.003 6.006 
16.016 12.012 11.011 8.008 5.005 7.007 9.009 7.007 
8.008 11.011 15.015 10.010 13.013 6.006 9.009 10.010 
11.011 5.005 10.010 15.015 8.008 15.015 7.007 10.010 
17.017 4.004 14.014 0.000 0.000 2.002 0.000 0.000 
0.000 0.000 0.000 0.000 0.000 0.000 0.000 0.000 
0.000 0.000 0.000 0.000 0.000 1.001 0.000 0.000 
0.200 
