LGT.DCD 
10227783
-30
0.5
2
121
121
22134.334 18220.220 17251.250 16497.497 15463.463 14650.650 13858.858 12954.954 
12096.095 11475.475 11121.121 10953.953 10643.643 10717.718 10910.910 10667.667 
10307.307 10156.156 9839.839 9601.601 9503.503 9586.586 9720.720 9733.734 
9814.814 9943.944 9868.868 10078.078 10266.265 10511.511 10434.434 10931.931 
11133.132 11426.426 11420.420 10887.887 10820.820 10272.272 9955.955 9159.158 
8912.913 8394.394 7982.983 7553.553 7062.062 6987.988 6772.772 6602.602 
6337.337 6349.349 6006.006 5631.632 5511.511 5395.395 5159.159 5082.082 
4719.720 4602.602 4311.311 4029.029 3923.924 3591.591 3518.518 3243.243 
3032.032 2731.732 2357.357 2066.066 1649.650 1332.332 1005.005 695.696 
482.482 341.341 238.238 170.170 129.129 105.105 112.112 121.121 
91.091 94.094 105.105 93.093 82.082 103.103 98.098 94.094 
114.114 95.095 78.078 106.106 84.084 72.072 90.090 83.083 
76.076 83.083 79.079 76.076 72.072 85.085 80.080 95.095 
72.072 67.067 76.076 78.078 85.085 79.079 85.085 69.069 
75.075 68.068 77.077 76.076 69.069 74.074 59.059 86.086 
71.471 
8.408 7.007 10.010 10.010 12.012 11.011 12.012 14.014 
6.006 4.004 11.011 5.005 8.008 14.014 11.011 10.010 
11.011 12.012 12.012 12.012 8.008 4.004 9.009 10.010 
11.011 10.010 11.011 14.014 4.004 13.013 8.008 8.008 
8.008 16.016 9.009 6.006 17.017 8.008 10.010 9.009 
13.013 11.011 9.009 13.013 11.011 5.005 7.007 6.006 
10.010 10.010 6.006 9.009 13.013 7.007 6.006 10.010 
8.008 8.008 14.014 7.007 5.005 7.007 9.009 10.010 
9.009 16.016 10.010 9.009 8.008 9.009 11.011 3.003 
5.005 8.008 5.005 9.009 9.009 9.009 12.012 7.007 
6.006 21.021 9.009 9.009 8.008 9.009 14.014 11.011 
8.008 5.005 5.005 6.006 8.008 7.007 9.009 10.010 
9.009 8.008 8.008 10.010 7.007 7.007 7.007 9.009 
6.006 12.012 11.011 6.006 6.006 14.014 9.009 7.007 
14.014 10.010 3.003 13.013 13.013 8.008 6.006 9.009 
10.310 
