LGT.DCD 
10227783
-30
0.5
2
121
85
28581.580 27134.133 26652.651 26195.193 25587.586 25230.229 24414.414 24331.330 
23579.579 22796.796 22606.606 21670.670 21345.344 20619.618 20068.067 19260.259 
18762.761 18337.337 17975.974 17266.265 16567.567 16130.130 15700.700 15216.215 
14696.696 14037.036 13818.818 13403.403 12910.910 12319.319 12159.158 11691.691 
11343.343 10791.791 10827.827 10645.646 10566.566 10584.584 10524.524 10462.462 
10376.376 10407.407 10400.400 10092.092 10183.182 10054.054 10079.078 9876.876 
9611.611 9545.545 9539.539 9653.654 9549.549 9652.652 9757.758 10035.035 
9956.956 10083.083 10286.286 9792.792 10117.116 10208.208 10307.307 10456.456 
10424.424 10416.416 10526.526 10905.905 11134.134 11062.062 11431.431 11533.533 
11508.508 11388.388 11440.440 11182.182 11024.023 10901.902 10467.467 10333.333 
9846.846 9711.711 9309.309 9001.001 8604.604 
8.609 10.010 7.007 8.008 9.009 4.004 11.011 12.012 
5.005 5.005 8.008 10.010 13.013 5.005 8.008 11.011 
13.013 9.009 9.009 8.008 11.011 7.007 6.006 11.011 
6.006 6.006 8.008 7.007 13.013 10.010 7.007 12.012 
10.010 7.007 11.011 9.009 11.011 7.007 9.009 16.016 
6.006 9.009 7.007 5.005 13.013 9.009 10.010 10.010 
8.008 6.006 14.014 11.011 11.011 11.011 8.008 22.022 
11.011 9.009 7.007 7.007 7.007 9.009 4.004 6.006 
7.007 7.007 6.006 13.013 14.014 7.007 10.010 9.009 
14.014 7.007 10.010 9.009 9.009 5.005 11.011 6.006 
7.007 10.010 6.006 4.004 15.015 
