LGT.DCD 
10227783
-30
0.5
2
121
121
4012.412 4118.118 4208.208 4221.221 4462.462 4465.465 4637.637 4705.705 
4720.721 4777.777 4926.927 4971.972 5214.214 5288.288 5436.436 5584.584 
5657.657 5753.753 5937.937 6042.042 6114.114 6340.340 6481.481 6693.693 
6800.800 6972.973 7086.086 7315.315 7528.528 7631.631 7791.792 8041.041 
8189.189 8413.413 8504.504 8760.760 9061.060 9205.205 9372.372 9581.581 
9682.683 10047.046 10146.145 10302.302 10436.436 10740.740 10880.881 11074.073 
11210.209 11453.453 11634.634 11740.740 11972.972 11896.897 12127.126 12295.295 
12458.458 12316.316 12450.450 12506.506 12434.434 12676.676 12318.318 12503.503 
12493.492 12384.384 12229.228 12218.217 11897.897 11876.876 11757.758 11786.786 
11652.652 11403.403 11150.150 11054.054 10941.942 10724.724 10614.614 10246.246 
9990.990 10040.040 9737.737 9645.646 9371.371 9132.132 9182.182 8832.833 
8495.495 8473.473 8238.238 8098.097 7845.845 7544.544 7681.681 7524.524 
7349.349 7314.314 7018.018 7125.125 6858.859 6685.685 6604.604 6382.382 
6245.245 6065.065 6097.097 5840.841 5696.696 5645.645 5600.600 5457.457 
5283.283 5285.285 5267.267 4962.963 4969.970 4892.893 4608.609 4715.716 
4590.090 
2.402 2.002 5.005 1.001 1.001 4.004 4.004 2.002 
0.000 3.003 2.002 2.002 3.003 2.002 2.002 7.007 
5.005 3.003 0.000 3.003 2.002 0.000 1.001 3.003 
1.001 2.002 2.002 4.004 4.004 2.002 0.000 4.004 
4.004 2.002 2.002 0.000 1.001 8.008 2.002 5.005 
4.004 6.006 0.000 1.001 5.005 2.002 5.005 0.000 
3.003 3.003 1.001 4.004 3.003 3.003 3.003 2.002 
1.001 2.002 0.000 5.005 1.001 2.002 4.004 2.002 
4.004 3.003 1.001 3.003 2.002 5.005 1.001 4.004 
4.004 0.000 3.003 3.003 1.001 4.004 7.007 1.001 
1.001 1.001 4.004 3.003 0.000 0.000 1.001 8.008 
3.003 3.003 3.003 4.004 1.001 0.000 2.002 2.002 
4.004 1.001 3.003 0.000 4.004 1.001 2.002 2.002 
5.005 2.002 4.004 1.001 4.004 1.001 1.001 1.001 
4.004 3.003 3.003 1.001 1.001 2.002 2.002 1.001 
2.402 
