LGT.DCD 
10227783
-30
0.5
2
121
121
5121.922 5196.196 5212.212 5335.335 5406.406 5552.552 5580.580 5652.652 
5868.869 5929.929 5903.904 6137.137 6224.224 6234.234 6525.525 6525.525 
6714.714 6778.778 6825.825 7046.046 7076.076 7480.480 7376.376 7436.436 
7710.710 7748.748 7972.972 8133.133 8367.367 8451.451 8628.628 8758.758 
9116.116 9117.116 9513.513 9416.416 9689.689 10013.012 9983.984 10247.247 
10362.361 10609.609 11004.004 11142.142 11381.380 11509.509 11649.649 11976.977 
12313.313 12311.311 12392.392 12896.897 13028.028 13371.371 13679.679 13761.761 
14054.054 14176.175 14072.071 14469.468 14572.572 14667.667 15118.118 15270.270 
15064.063 15192.191 15463.463 15664.664 15411.411 15503.503 15373.372 15469.468 
15274.273 15570.570 15252.252 15303.303 15192.191 15120.119 15020.020 14798.798 
14560.560 14376.375 14174.174 14093.092 13702.702 13604.604 13311.311 13209.209 
12881.881 12683.683 12493.492 12136.135 11956.956 11754.754 11650.650 11156.156 
10940.940 10872.873 10509.509 10325.325 10232.232 9932.932 9750.750 9395.395 
9496.496 9154.153 8819.819 8755.755 8383.383 8245.245 8145.145 8044.044 
7788.788 7590.590 7477.477 7362.362 7312.312 6960.961 7006.006 6711.712 
5837.637 
2.703 3.003 2.002 4.004 6.006 6.006 3.003 3.003 
2.002 1.001 1.001 5.005 3.003 3.003 6.006 2.002 
1.001 1.001 2.002 5.005 3.003 4.004 5.005 2.002 
1.001 1.001 4.004 2.002 5.005 0.000 2.002 4.004 
5.005 7.007 1.001 8.008 2.002 2.002 8.008 4.004 
5.005 3.003 3.003 2.002 2.002 1.001 4.004 3.003 
4.004 5.005 3.003 3.003 4.004 4.004 3.003 1.001 
4.004 5.005 4.004 1.001 3.003 2.002 3.003 1.001 
8.008 3.003 5.005 0.000 4.004 8.008 2.002 5.005 
3.003 3.003 2.002 2.002 4.004 2.002 2.002 3.003 
2.002 3.003 3.003 1.001 4.004 2.002 2.002 7.007 
3.003 4.004 2.002 1.001 1.001 3.003 3.003 2.002 
5.005 2.002 3.003 3.003 2.002 1.001 2.002 2.002 
7.007 2.002 1.001 2.002 2.002 1.001 2.002 4.004 
3.003 0.000 3.003 1.001 3.003 3.003 6.006 1.001 
2.903 
