LGT.DCD 
10227783
-30
0.5
2
121
121
221.722 224.224 225.225 242.242 237.237 222.222 216.216 257.257 
215.215 259.259 257.257 253.253 239.239 251.251 261.261 280.280 
253.253 262.262 286.286 308.308 309.309 296.296 329.329 296.296 
290.290 332.332 308.308 298.298 311.311 371.371 340.340 352.352 
371.371 347.347 358.358 390.390 358.358 405.405 398.398 421.421 
437.437 445.445 433.433 447.447 454.454 483.483 464.464 509.509 
509.509 529.529 554.555 564.565 544.544 580.581 584.585 594.595 
627.628 683.684 698.699 703.704 729.730 790.791 827.828 879.880 
930.931 941.942 1011.011 1069.069 1128.128 1137.137 1262.262 1328.328 
1373.373 1505.505 1565.566 1696.697 1828.829 1873.874 2150.150 2299.299 
2434.434 2591.591 2994.995 3010.010 3350.350 3517.517 3966.967 4267.267 
4688.689 5118.118 5562.562 6087.087 6695.696 7067.067 7743.744 8251.251 
9000.000 9852.852 10391.391 11420.420 12362.361 13107.107 14138.137 15092.092 
16499.499 17781.781 19012.012 19668.668 20885.884 22276.275 24045.045 25573.573 
26710.709 28079.077 29903.903 30856.856 32217.215 33350.348 34387.385 35250.250 
35502.402 
8.609 15.015 12.012 10.010 6.006 10.010 9.009 9.009 
7.007 9.009 8.008 5.005 11.011 10.010 14.014 10.010 
12.012 5.005 9.009 7.007 9.009 16.016 14.014 6.006 
7.007 12.012 9.009 7.007 7.007 11.011 11.011 14.014 
7.007 7.007 12.012 7.007 13.013 11.011 6.006 10.010 
6.006 12.012 9.009 16.016 11.011 7.007 7.007 13.013 
5.005 4.004 6.006 5.005 9.009 6.006 5.005 7.007 
10.010 16.016 6.006 8.008 4.004 10.010 4.004 13.013 
6.006 11.011 5.005 10.010 9.009 14.014 13.013 12.012 
9.009 11.011 6.006 13.013 9.009 7.007 11.011 14.014 
8.008 8.008 9.009 8.008 7.007 6.006 8.008 11.011 
12.012 5.005 6.006 11.011 8.008 7.007 11.011 14.014 
9.009 2.002 3.003 10.010 9.009 20.020 13.013 13.013 
7.007 9.009 16.016 7.007 11.011 3.003 7.007 12.012 
6.006 5.005 5.005 7.007 14.014 11.011 11.011 14.014 
7.107 
