LGT.DCD 
10563333
-30
0.5
2
121
121
11.612 13.013 9.009 14.014 16.016 8.008 8.008 14.014 
21.021 10.010 7.007 12.012 12.012 11.011 20.020 6.006 
12.012 14.014 7.007 11.011 9.009 8.008 9.009 12.012 
12.012 10.010 11.011 10.010 17.017 12.012 12.012 12.012 
10.010 13.013 9.009 14.014 9.009 11.011 13.013 15.015 
10.010 16.016 12.012 14.014 8.008 7.007 15.015 7.007 
15.015 10.010 7.007 12.012 16.016 12.012 11.011 8.008 
12.012 13.013 12.012 13.013 15.015 9.009 9.009 8.008 
7.007 7.007 11.011 11.011 12.012 9.009 10.010 15.015 
11.011 16.016 6.006 6.006 16.016 8.008 13.013 9.009 
11.011 16.016 12.012 11.011 9.009 12.012 8.008 11.011 
11.011 13.013 3.003 8.008 16.016 11.011 10.010 8.008 
11.011 15.015 13.013 13.013 6.006 9.009 9.009 16.016 
13.013 9.009 18.018 11.011 15.015 13.013 14.014 16.016 
5.005 9.009 17.017 8.008 14.014 12.012 13.013 12.012 
12.513 
40.541 40.040 44.044 39.039 42.042 50.050 58.058 55.055 
55.055 65.065 69.069 67.067 57.057 76.076 77.077 83.083 
90.090 92.092 106.106 100.100 96.096 105.105 119.119 128.128 
129.129 153.153 163.163 153.153 174.174 166.166 207.207 214.214 
218.218 252.252 220.220 239.239 254.254 274.274 273.273 294.294 
267.267 290.290 288.288 319.319 246.246 250.250 264.264 270.270 
264.264 279.279 239.239 242.242 216.216 192.192 184.184 178.178 
167.167 181.181 164.164 126.126 148.148 150.150 126.126 132.132 
110.110 89.089 99.099 105.105 99.099 72.072 74.074 83.083 
64.064 62.062 54.054 54.054 59.059 59.059 60.060 44.044 
51.051 53.053 51.051 41.041 41.041 38.038 31.031 41.041 
38.038 40.040 24.024 31.031 37.037 33.033 26.026 26.026 
23.023 26.026 32.032 28.028 24.024 27.027 22.022 24.024 
17.017 27.027 24.024 14.014 15.015 20.020 22.022 17.017 
18.018 21.021 24.024 14.014 20.020 18.018 24.024 10.010 
15.315 
