LGT.DCD 
10227783
-30
0.5
2
121
121
19345.645 19638.639 19753.753 20022.021 20821.820 21012.011 21544.543 22047.046 
22600.600 22581.580 23360.360 23812.812 24165.164 24576.575 25289.288 25761.761 
26164.162 26710.709 27199.198 27872.872 28440.440 29355.355 29705.704 30238.236 
30965.964 31511.509 32044.043 32676.676 33262.259 34299.300 35022.021 35827.826 
36547.545 37540.537 38124.121 39110.109 39746.744 41118.116 41804.804 42391.390 
43629.629 44525.522 45742.742 46593.591 47817.815 48618.616 49541.540 50917.917 
51964.963 53074.071 54517.515 55176.175 55851.850 57454.454 58367.364 59282.281 
60495.492 60988.988 61826.825 63099.095 63625.623 64549.550 64617.612 65387.387 
65921.918 66187.184 66495.495 66833.829 67159.154 67179.173 67335.332 66941.937 
67090.085 66908.909 66737.736 66314.313 65539.540 65277.272 64475.476 63768.765 
63002.000 62446.442 61629.628 60917.916 60127.126 59593.591 58061.059 57000.997 
55798.795 54603.601 53605.604 52801.801 51814.813 50557.554 49444.440 48350.347 
46823.820 45594.591 44721.720 43574.571 42899.896 42056.055 40989.988 39620.619 
39191.191 38423.422 37474.474 36497.496 35679.678 34869.868 33818.816 33187.186 
32404.402 31715.714 31061.060 30550.549 29315.314 28889.889 28517.516 27929.928 
27205.205 
14.915 12.012 15.015 15.015 15.015 11.011 13.013 9.009 
16.016 15.015 12.012 13.013 15.015 10.010 10.010 12.012 
12.012 14.014 14.014 12.012 15.015 20.020 12.012 9.009 
8.008 12.012 17.017 16.016 18.018 9.009 16.016 16.016 
14.014 21.021 13.013 10.010 6.006 16.016 13.013 10.010 
18.018 8.008 22.022 16.016 16.016 11.011 11.011 12.012 
10.010 13.013 12.012 12.012 10.010 8.008 12.012 13.013 
8.008 16.016 9.009 11.011 10.010 16.016 13.013 12.012 
8.008 9.009 8.008 17.017 16.016 10.010 11.011 10.010 
23.023 13.013 18.018 9.009 21.021 13.013 13.013 11.011 
10.010 16.016 12.012 5.005 12.012 16.016 13.013 13.013 
13.013 14.014 12.012 7.007 15.015 10.010 11.011 11.011 
10.010 13.013 17.017 19.019 19.019 16.016 14.014 13.013 
13.013 12.012 11.011 15.015 7.007 19.019 8.008 9.009 
11.011 11.011 16.016 13.013 12.012 12.012 15.015 12.012 
13.013 
