LGT.DCD 
10227783
-30
0.5
2
121
121
4066.266 3962.963 4023.023 4281.281 4616.617 4916.917 5288.288 5431.431 
5919.920 6232.232 6703.704 7063.063 7365.365 7955.956 8384.384 9000.000 
9733.734 10422.422 11111.110 12205.204 13052.052 13677.677 14935.935 15824.825 
17219.218 18098.098 19288.287 20428.428 21671.670 23352.351 24780.780 26310.309 
28440.440 30442.440 32185.183 34253.252 36518.519 39185.183 41328.325 44162.161 
46975.973 49488.485 52519.517 55223.222 58206.205 60778.775 63606.603 65891.888 
68163.159 70631.627 72628.628 74136.135 76721.722 78551.548 80388.386 82290.287 
83841.839 85293.293 87226.223 88805.805 90383.380 91369.365 92943.942 94069.064 
95033.031 96190.189 97568.561 98001.994 99200.198 99199.191 100266.261 100633.632 
101044.040 101542.537 101893.886 102923.922 102394.389 103163.157 103119.113 103834.826 
103622.615 104048.045 104149.142 103971.965 103987.986 104523.516 104622.615 103855.853 
103542.537 103454.448 102833.827 101456.454 100936.931 99439.433 98785.785 98100.093 
96921.916 95676.669 94931.926 93943.942 92579.578 91679.676 90951.946 89736.736 
88559.558 87341.335 86016.010 85553.547 84270.267 82683.681 81095.089 79458.454 
77387.386 76305.302 73665.661 71724.720 69848.843 67484.479 65675.671 63472.470 
64970.670 
26.527 27.027 20.020 26.026 24.024 20.020 27.027 27.027 
21.021 29.029 33.033 28.028 28.028 22.022 21.021 30.030 
27.027 20.020 29.029 26.026 26.026 20.020 27.027 20.020 
19.019 27.027 28.028 31.031 25.025 30.030 16.016 19.019 
33.033 23.023 34.034 22.022 28.028 28.028 26.026 23.023 
33.033 26.026 26.026 25.025 31.031 27.027 20.020 33.033 
28.028 24.024 22.022 21.021 46.046 20.020 35.035 21.021 
24.024 27.027 27.027 28.028 24.024 29.029 38.038 16.016 
31.031 21.021 21.021 17.017 24.024 23.023 24.024 22.022 
18.018 30.030 24.024 16.016 18.018 23.023 17.017 28.028 
23.023 22.022 17.017 26.026 28.028 22.022 19.019 29.029 
27.027 21.021 26.026 29.029 26.026 29.029 33.033 13.013 
26.026 19.019 23.023 27.027 25.025 19.019 20.020 20.020 
38.038 20.020 28.028 27.027 25.025 21.021 24.024 22.022 
34.034 20.020 23.023 25.025 30.030 37.037 23.023 22.022 
24.324 
