LGT.DCD 
10563327
-20
1
2
41
41
26.426 38.038 39.039 45.045 44.044 40.040 39.039 55.055 
75.075 77.077 83.083 84.084 142.142 151.151 234.234 346.346 
422.422 598.599 788.789 1004.004 1228.228 1414.414 1399.399 1243.243 
1083.083 852.853 671.672 520.520 396.396 339.339 256.256 165.165 
151.151 131.131 126.126 102.102 86.086 71.071 63.063 53.053 
52.653 
922984.758 922978.960 922982.927 922982.927 922981.951 922982.927 922995.928 922983.965 
922984.942 922986.956 922990.923 922984.942 922981.951 922984.942 922988.970 922989.946 
922990.923 922990.923 922978.960 922993.975 922983.965 922985.918 922985.918 922993.975 
922989.946 922985.918 922989.946 922983.965 922985.918 922981.951 922997.942 922986.956 
922981.951 922985.918 922985.918 922983.965 922983.965 922989.946 922983.965 922986.956 
922984.514 
