LGT.DCD 
-922749.5625
-20
1
2
41
41
40.080 46.092 30.060 38.076 28.056 54.108 30.060 26.052 
24.048 24.048 24.048 32.064 40.080 28.056 36.072 38.076 
30.060 20.040 56.112 34.068 40.080 36.072 38.076 20.040 
22.044 28.056 40.080 40.080 22.044 20.040 30.060 24.048 
38.076 32.064 36.072 28.056 38.076 26.052 28.056 36.072 
34.736 
5577.822 6589.178 7541.082 8258.517 9607.214 11116.232 13354.709 15603.206 
17042.083 18693.385 21064.128 23911.822 30182.364 34224.448 38490.980 43384.767 
46096.189 50587.171 53589.177 54440.881 54879.758 51883.764 48338.674 42881.761 
37905.810 32681.361 27573.146 23166.331 19212.424 16330.661 13298.597 11048.096 
8937.875 7859.719 6891.783 5553.106 5040.080 4376.753 3861.723 3434.870 
2972.612 
