LGT.DCD 
-922749.5625
-20
1
2
41
41
34.736 20.040 42.084 38.076 34.068 38.076 18.036 32.064 
30.060 44.088 38.076 32.064 40.080 40.080 38.076 28.056 
26.052 38.076 42.084 54.108 26.052 28.056 24.048 26.052 
30.060 50.100 44.088 46.092 34.068 32.064 22.044 22.044 
22.044 40.080 20.040 34.068 36.072 28.056 18.036 30.060 
30.728 
7392.785 8579.158 9238.476 10476.953 11989.979 13549.097 15234.469 17342.685 
19160.319 20937.875 23569.136 26867.734 30326.651 32885.771 36454.909 41619.238 
46150.297 50328.657 54292.581 57184.365 59088.174 59835.668 57863.725 55569.135 
51705.408 47362.722 42288.576 37496.992 33765.528 30004.006 25931.863 23264.527 
20430.861 18044.088 14679.358 13673.346 11823.647 10440.881 9300.601 8749.499 
7430.862 
