LGT.DCD 
-922749.5625
-20
1
2
41
41
40.748 36.072 34.068 20.040 36.072 26.052 34.068 24.048 
34.068 38.076 32.064 32.064 32.064 44.088 36.072 50.100 
38.076 28.056 38.076 28.056 28.056 28.056 32.064 40.080 
36.072 28.056 28.056 20.040 44.088 24.048 32.064 32.064 
30.060 26.052 30.060 28.056 30.060 28.056 28.056 44.088 
34.736 
6146.292 7220.441 8162.325 8893.787 10204.408 10873.747 12322.645 14304.609 
15843.686 17789.579 20803.607 24254.508 27559.117 31761.521 37044.085 40603.205 
45997.995 49943.887 53402.803 54490.979 53466.932 50509.016 45545.088 40060.118 
35811.621 30206.412 25034.068 21358.716 17430.862 14697.394 12633.266 10513.026 
8805.611 7488.978 6344.689 5390.781 4711.423 4114.228 3749.499 3132.264 
2755.511 
