LGT.DCD 
-922749.5625
-20
1
2
41
41
26.720 24.048 40.080 22.044 42.084 32.064 34.068 22.044 
22.044 18.036 20.040 30.060 40.080 38.076 36.072 36.072 
18.036 22.044 38.076 20.040 20.040 46.092 46.092 30.060 
20.040 34.068 30.060 24.048 34.068 48.096 30.060 28.056 
28.056 44.088 34.068 34.068 36.072 26.052 30.060 36.072 
37.408 
29605.210 30903.805 33571.143 35925.848 38180.357 41412.825 44769.537 47589.178 
50741.479 55134.267 59653.302 62573.144 64653.302 65156.308 64843.686 61070.138 
59424.848 54969.938 51971.940 48008.012 44352.705 40304.605 36691.382 34072.142 
31745.490 29376.751 26621.241 24218.436 22645.289 19763.526 16765.531 16118.236 
14240.481 12951.903 11959.919 11410.821 10396.793 9012.023 8505.009 7825.651 
7283.901 
