LGT.DCD 
-922749.5625
-20
1
2
41
41
30.728 28.056 30.060 28.056 28.056 22.044 30.060 16.032 
42.084 32.064 38.076 42.084 36.072 32.064 34.068 46.092 
10.020 28.056 26.052 44.088 32.064 20.040 26.052 32.064 
42.084 36.072 22.044 28.056 32.064 40.080 40.080 30.060 
22.044 30.060 32.064 30.060 34.068 40.080 46.092 42.084 
29.392 
26288.577 27492.985 29296.591 32757.513 37448.897 40256.510 43513.025 48194.387 
48711.420 49585.168 52631.261 55248.494 58829.656 62034.066 64094.182 66164.326 
64587.170 62494.988 60058.114 56302.602 51705.408 48286.569 45122.244 40174.345 
36430.861 32182.364 28665.330 25695.389 24134.267 21701.402 19174.348 17577.153 
15308.617 13264.529 12228.456 11030.059 10911.823 9749.499 8238.476 8108.216 
7646.626 
