LGT.DCD 
-922749.5625
-30
1
2
41
41
31.396 26.052 18.036 36.072 40.080 24.048 32.064 48.096 
44.088 36.072 24.048 28.056 34.068 32.064 26.052 34.068 
28.056 22.044 22.044 28.056 20.040 18.036 18.036 20.040 
34.068 20.040 20.040 38.076 40.080 40.080 56.112 38.076 
40.080 34.068 32.064 26.052 38.076 30.060 40.080 30.060 
38.076 
10182.364 11414.829 12639.278 14210.420 16647.294 18314.628 20573.146 23204.408 
25997.994 28785.571 32486.971 35344.687 39416.830 41951.902 45148.294 49036.069 
50955.911 54242.482 56466.932 59174.344 60923.844 61020.036 59196.389 56112.222 
51246.492 45657.312 39883.764 35581.160 30517.033 26699.397 22885.770 20547.093 
18118.236 16308.616 13971.943 12360.721 11384.769 10378.757 9436.873 8496.994 
7283.901 
