LGT.DCD 
-922749.5625
-30
1
2
41
41
28.724 32.064 54.108 26.052 26.052 20.040 36.072 34.068 
46.092 26.052 34.068 54.108 30.060 34.068 38.076 42.084 
28.056 30.060 28.056 32.064 24.048 42.084 20.040 28.056 
30.060 44.088 24.048 36.072 22.044 30.060 48.096 32.064 
36.072 38.076 28.056 18.036 24.048 38.076 32.064 32.064 
26.052 
8807.615 9801.603 10883.767 12128.256 13901.803 15729.458 17921.844 20302.604 
22424.849 25749.497 28641.282 30991.982 34470.942 37537.073 41557.112 44657.312 
47843.687 51032.060 53915.830 56282.563 58551.099 60168.332 57362.722 52236.471 
48098.196 45124.246 40955.912 35368.735 31597.193 27338.675 24078.154 21613.225 
18306.613 16348.697 13853.707 12226.452 11068.136 9703.407 8765.530 7857.715 
7209.085 
