LGT.DCD 
-922749.5625
-20
1
2
41
41
26.720 26.052 28.056 18.036 30.060 22.044 40.080 26.052 
20.040 32.064 26.052 34.068 42.084 24.048 32.064 18.036 
34.068 30.060 42.084 44.088 36.072 24.048 14.028 24.048 
34.068 30.060 30.060 42.084 56.112 44.088 30.060 58.116 
36.072 26.052 30.060 42.084 34.068 22.044 38.076 28.056 
40.080 
6086.172 7046.092 7765.531 9110.220 9983.967 11230.461 13096.192 14769.538 
15981.963 17725.450 21326.652 25881.762 29729.458 33631.262 38480.959 42945.890 
46941.881 50422.842 53719.438 54250.497 53172.342 50557.111 45665.327 39719.439 
34226.450 28573.145 24669.337 20392.785 16705.409 14400.801 11815.630 10751.502 
8513.026 6955.911 5879.759 5198.396 4306.613 3789.579 3094.188 2933.868 
2655.311 
