LGT.DCD 
-922749.5625
-20
1
2
41
41
36.740 24.048 44.088 48.096 24.048 32.064 26.052 28.056 
32.064 40.080 30.060 24.048 24.048 36.072 44.088 30.060 
24.048 38.076 42.084 34.068 32.064 20.040 28.056 32.064 
26.052 36.072 30.060 42.084 34.068 22.044 54.108 32.064 
20.040 24.048 34.068 44.088 26.052 28.056 28.056 26.052 
37.408 
26895.123 28553.105 31731.461 34280.558 36891.783 39891.783 44372.743 47270.540 
49472.944 52533.063 54635.267 58585.168 61420.838 64444.890 65498.997 67030.057 
65573.140 62224.446 56541.078 52192.384 47803.606 44394.789 41665.327 37983.965 
34675.349 31917.834 27008.015 24645.289 24026.051 22052.104 20206.412 18052.104 
16032.064 15084.168 14490.981 13639.278 12899.799 11601.201 10675.351 9871.743 
8404.141 
