LGT.DCD 
-922749.5625
-20
1
2
41
41
32.064 40.080 34.068 22.044 42.084 38.076 26.052 22.044 
16.032 50.100 32.064 28.056 34.068 40.080 44.088 24.048 
42.084 40.080 34.068 46.092 42.084 38.076 22.044 20.040 
20.040 22.044 30.060 26.052 38.076 40.080 30.060 36.072 
42.084 34.068 30.060 36.072 26.052 18.036 24.048 36.072 
24.048 
9071.476 10274.549 11735.470 13629.258 15224.448 17743.486 20092.183 23066.130 
26476.952 30188.376 33895.788 38785.570 42757.513 46811.620 51402.803 53795.587 
55038.072 54470.941 51767.534 48076.151 42771.540 37637.274 32192.385 28018.035 
24010.018 20787.574 17899.798 15268.537 13188.376 10995.991 9631.262 8418.837 
7226.452 6448.898 5819.639 5110.220 4428.858 4036.072 3492.986 3258.517 
2885.771 
