LGT.DCD 
-922749.5625
-40
1
2
54
54
26.052 34.068 40.080 36.072 30.060 38.076 22.044 34.068 
38.076 38.076 38.076 22.044 30.060 38.076 16.032 40.080 
36.072 34.068 26.052 24.048 44.088 38.076 24.048 40.080 
32.064 30.060 36.072 44.088 24.048 34.068 28.056 44.088 
30.060 34.068 44.088 38.076 26.052 30.060 36.072 28.056 
24.048 26.052 26.052 36.072 32.064 50.100 24.048 22.044 
40.080 26.052 46.092 14.028 38.076 36.740 
965.932 1008.016 1214.429 1314.629 1366.733 1448.898 1611.222 1731.463 
1997.996 2182.365 2418.838 2685.371 3206.413 3318.637 3743.487 4018.036 
4633.266 5128.256 5531.062 6364.729 7246.493 8104.208 9336.673 10070.139 
11138.276 12783.567 14066.132 15877.754 17693.385 20494.988 23486.974 26961.922 
30615.229 34450.899 39042.082 44036.070 47881.761 51052.103 53026.048 52963.926 
51056.108 47244.486 42066.130 36755.510 32260.519 27126.252 22959.918 18875.751 
16044.088 13170.340 11040.080 9503.006 8106.212 6865.731 
