LGT.DCD 
-922749.5625
-20
1
2
41
41
32.064 34.068 36.072 34.068 32.064 36.072 30.060 22.044 
36.072 44.088 36.072 22.044 32.064 16.032 34.068 44.088 
44.088 34.068 34.068 28.056 34.068 14.028 46.092 48.096 
20.040 30.060 34.068 18.036 30.060 24.048 40.080 32.064 
34.068 44.088 30.060 30.060 24.048 22.044 40.080 22.044 
29.392 
3905.811 4418.837 4683.367 5529.058 6218.436 6731.463 7935.871 8525.050 
9613.226 11164.328 12282.565 13677.354 15979.959 17825.650 20486.974 22995.992 
26629.258 30464.928 34941.881 38955.912 44134.268 49022.043 51857.713 53967.935 
54004.007 50505.006 47258.516 41909.819 36575.148 31106.211 26222.443 22046.092 
18462.924 15316.632 12705.410 10773.547 9166.332 7619.238 6537.074 5583.166 
4859.719 
