LGT.DCD 
-922749.5625
-20
1
2
41
41
28.056 28.056 38.076 28.056 38.076 22.044 34.068 38.076 
36.072 28.056 34.068 24.048 22.044 50.100 40.080 36.072 
36.072 26.052 14.028 48.096 36.072 28.056 30.060 30.060 
36.072 24.048 32.064 42.084 30.060 28.056 20.040 32.064 
46.092 34.068 32.064 40.080 28.056 26.052 48.096 44.088 
27.388 
8239.812 9094.188 9803.607 11242.485 13158.316 14885.771 16517.034 18076.152 
20020.040 22643.285 25176.352 28280.560 30631.260 34046.091 36791.582 40196.390 
44503.004 49118.234 52675.348 56452.905 59567.132 59725.450 60531.060 58494.989 
55364.728 51893.785 46845.689 43647.291 38430.861 32515.028 29505.009 27284.567 
24410.821 22364.728 19705.409 17791.583 15941.883 14130.260 12182.364 11130.260 
9603.206 
