LGT.DCD 
-922749.5625
-20
1
2
41
41
22.712 32.064 40.080 32.064 28.056 26.052 32.064 32.064 
38.076 36.072 36.072 36.072 20.040 44.088 30.060 32.064 
24.048 40.080 38.076 32.064 28.056 44.088 38.076 34.068 
16.032 28.056 32.064 28.056 38.076 30.060 38.076 22.044 
36.072 34.068 30.060 42.084 34.068 34.068 34.068 30.060 
35.404 
13371.409 15156.312 17563.125 20074.147 22434.869 25983.968 30222.443 34298.594 
38326.651 42647.291 47965.929 51767.534 53985.971 54182.363 53711.419 50488.977 
46631.262 41569.136 35314.627 30733.466 26172.343 22450.900 19671.342 16823.646 
14312.624 12597.194 10957.916 9809.618 8336.673 7162.324 6322.645 5531.062 
4737.475 4116.232 3711.423 3222.445 3018.036 2541.082 2478.958 2116.232 
2000.000 
