LGT.DCD 
-922749.5625
-20
1
2
41
41
37.408 46.092 32.064 34.068 42.084 36.072 36.072 26.052 
28.056 38.076 32.064 30.060 20.040 22.044 28.056 28.056 
36.072 28.056 34.068 22.044 56.112 28.056 34.068 24.048 
24.048 30.060 24.048 38.076 36.072 20.040 18.036 34.068 
42.084 36.072 28.056 26.052 50.100 36.072 36.072 38.076 
31.396 
2563.126 2869.739 3555.110 4076.152 4464.930 4835.671 5591.182 6006.012 
7198.396 8098.196 9002.003 10442.885 11442.885 12539.077 13777.555 15603.206 
17032.064 19673.347 22132.264 25156.312 29034.068 32118.235 37456.911 42260.519 
47266.531 50284.566 53438.875 54104.207 53116.231 49931.860 45308.614 40072.142 
34200.400 29496.993 24585.170 20104.207 17006.011 14168.336 11695.390 10026.052 
8537.742 
