LGT.DCD 
-922749.5625
-20
1
2
41
41
27.388 42.084 34.068 34.068 36.072 32.064 26.052 30.060 
36.072 34.068 32.064 30.060 32.064 36.072 38.076 28.056 
36.072 34.068 42.084 28.056 26.052 48.096 30.060 42.084 
30.060 30.060 32.064 32.064 24.048 32.064 26.052 22.044 
26.052 28.056 32.064 28.056 40.080 34.068 34.068 40.080 
29.392 
41087.507 43747.492 48438.875 53567.132 56675.347 60929.856 62014.024 62432.862 
59733.464 55777.551 49995.988 45368.734 40705.408 36454.909 32272.543 27747.494 
23907.815 19527.053 18240.480 16160.320 14390.781 12825.651 12294.588 11158.316 
9931.863 8725.450 8006.012 7420.841 6867.735 6218.436 5603.206 5270.541 
4813.627 4120.240 4002.004 3635.270 3190.381 2945.892 2639.279 2372.745 
2243.821 
