LGT.DCD 
-922749.5625
-20
1
2
41
41
2.004 4.008 0.000 2.004 4.008 6.012 0.000 2.004 
4.008 4.008 0.000 4.008 6.012 2.004 2.004 2.004 
4.008 4.008 2.004 2.004 4.008 2.004 0.000 0.000 
2.004 0.000 8.016 2.004 4.008 0.000 0.000 2.004 
0.000 2.004 0.000 2.004 0.000 2.004 2.004 6.012 
2.672 
0.000 0.000 0.000 2.004 0.000 0.000 0.000 0.000 
0.000 0.000 0.000 0.000 0.000 0.000 2.004 0.000 
0.000 0.000 0.000 0.000 0.000 0.000 0.000 0.000 
0.000 0.000 0.000 0.000 0.000 0.000 0.000 0.000 
0.000 0.000 0.000 0.000 0.000 0.000 0.000 0.000 
0.000 
