LGT.DCD 
-922749.5625
-20
1
2
41
41
26.052 26.052 34.068 42.084 34.068 44.088 30.060 36.072 
30.060 34.068 28.056 30.060 48.096 34.068 28.056 38.076 
40.080 44.088 32.064 36.072 30.060 36.072 38.076 30.060 
32.064 38.076 28.056 24.048 30.060 40.080 28.056 38.076 
36.072 48.096 46.092 24.048 32.064 36.072 38.076 26.052 
30.728 
11782.231 13102.204 15182.364 17290.580 19953.906 22014.028 25729.459 29192.383 
33182.364 36957.915 41348.696 45370.741 50352.705 54496.991 54877.752 54118.234 
51583.166 48256.509 43687.372 38655.310 33903.807 29112.223 24889.779 20965.930 
18292.585 15557.114 13817.635 11480.961 9917.835 8689.378 7591.182 6685.371 
5843.687 5120.240 4591.182 4066.132 3362.725 3044.088 2669.339 2667.334 
2352.037 
