LGT.DCD 
-922749.5625
-20
1
2
41
41
39.412 28.056 16.032 32.064 20.040 34.068 26.052 44.088 
28.056 46.092 36.072 42.084 44.088 38.076 46.092 42.084 
48.096 36.072 32.064 36.072 30.060 20.040 30.060 28.056 
24.048 46.092 24.048 10.020 52.104 26.052 40.080 30.060 
24.048 40.080 36.072 30.060 28.056 34.068 22.044 50.100 
31.396 
5198.396 5721.442 6689.378 7422.845 8436.873 9472.946 10589.178 11899.799 
13727.454 15484.969 17158.317 19837.674 22641.282 26182.364 29242.484 33222.445 
37883.764 42919.836 47625.250 51599.195 53813.627 53390.779 51374.746 48338.674 
42937.876 37020.037 32282.565 27052.104 23180.360 19214.427 15845.691 13026.052 
10895.791 9573.145 7971.943 6713.427 5793.587 4841.683 4394.789 3645.290 
3305.945 
