LGT.DCD 
-922749.5625
-30
1
2
41
41
28.724 36.072 42.084 26.052 40.080 44.088 42.084 28.056 
54.108 44.088 44.088 26.052 26.052 28.056 24.048 22.044 
34.068 28.056 10.020 26.052 34.068 34.068 34.068 26.052 
28.056 30.060 30.060 34.068 20.040 32.064 32.064 20.040 
48.096 34.068 28.056 40.080 42.084 32.064 40.080 36.072 
29.392 
12127.588 13601.201 15340.680 16985.971 19188.376 21515.029 23837.674 26923.846 
30717.432 33977.953 37591.181 40118.235 43402.803 46456.911 48915.830 52549.096 
54991.983 56927.854 59372.743 60839.677 61545.087 60090.177 56372.743 51883.764 
46691.381 38795.588 33392.783 29272.543 26515.029 23208.415 19090.179 17442.886 
15711.422 14224.448 12478.958 11298.597 10170.340 9346.693 8356.713 7557.114 
7070.808 
