LGT.DCD 
-922749.5625
-20
1
2
41
41
41.416 40.080 32.064 32.064 38.076 28.056 26.052 48.096 
40.080 40.080 22.044 34.068 26.052 34.068 34.068 50.100 
30.060 42.084 30.060 32.064 34.068 48.096 38.076 34.068 
40.080 44.088 14.028 30.060 36.072 22.044 30.060 30.060 
16.032 22.044 34.068 18.036 40.080 20.040 30.060 32.064 
35.404 
2684.035 3142.284 3486.974 3951.904 4188.377 4951.904 5448.898 6236.473 
6775.551 7971.943 8565.130 9973.947 10779.559 12266.532 13995.991 15537.073 
17430.862 20270.539 22609.218 25877.755 29340.680 33793.585 38158.316 43048.094 
48086.172 52278.554 53715.429 53581.159 52164.327 47627.252 43124.246 36595.190 
31368.737 26851.702 22436.873 19082.164 15785.570 12885.771 11024.047 9234.469 
7525.050 
