LGT.DCD 
-922749.5625
-30
1
2
41
41
38.076 28.056 30.060 40.080 30.060 34.068 18.036 34.068 
18.036 46.092 30.060 40.080 42.084 30.060 36.072 30.060 
40.080 38.076 46.092 26.052 18.036 46.092 26.052 22.044 
28.056 28.056 30.060 38.076 26.052 22.044 24.048 44.088 
40.080 32.064 28.056 30.060 18.036 22.044 32.064 26.052 
36.740 
9185.705 10316.633 11751.502 13236.472 15739.478 18484.969 20466.933 22731.461 
25973.946 28665.330 31094.187 33791.582 37166.330 40268.534 43645.288 46677.351 
49685.369 52358.716 55148.294 57575.147 60120.236 60551.099 59142.282 57513.024 
53012.021 47384.767 41575.148 36368.735 31531.060 27336.672 23907.815 21044.087 
18118.236 16404.809 13861.723 12623.246 10949.899 10022.044 9182.364 8108.216 
7378.757 
