LGT.DCD 
-922749.5625
-20
1
2
41
41
28.724 34.068 36.072 16.032 16.032 32.064 48.096 30.060 
42.084 20.040 24.048 32.064 32.064 20.040 24.048 36.072 
34.068 40.080 44.088 44.088 34.068 34.068 34.068 28.056 
40.080 38.076 40.080 26.052 32.064 42.084 26.052 14.028 
24.048 22.044 30.060 18.036 30.060 26.052 32.064 26.052 
34.068 
23672.009 26332.663 29675.349 31839.678 34895.788 38535.067 41987.974 44232.462 
47831.663 51571.142 55036.069 59567.132 62851.701 64831.662 64541.081 63046.090 
59741.479 56717.431 52783.563 48188.375 44763.525 33278.555 30801.602 29006.011 
27937.874 26236.472 23743.485 21290.580 20643.285 19130.260 18042.083 16749.498 
15166.332 13098.195 11611.222 9829.659 9494.990 8987.976 8220.440 7444.889 
6146.960 
