LGT.DCD 
-922749.5625
-20
1
2
41
41
32.732 34.068 30.060 18.036 24.048 20.040 28.056 38.076 
34.068 30.060 34.068 50.100 36.072 46.092 28.056 30.060 
34.068 24.048 24.048 26.052 30.060 24.048 24.048 24.048 
36.072 34.068 28.056 30.060 26.052 34.068 46.092 22.044 
18.036 56.112 22.044 36.072 28.056 36.072 26.052 20.040 
34.736 
7700.066 8833.667 10014.027 10855.710 12400.801 14168.336 15995.991 17308.616 
19432.864 22176.352 24807.614 27188.376 30314.627 33749.499 38068.136 42853.704 
46649.297 50014.024 54250.497 58374.745 59957.913 59629.254 59188.375 55108.213 
51511.018 47835.668 44042.082 40234.468 35785.570 31877.755 27086.171 24533.065 
21625.249 19609.218 17889.779 15969.939 13741.482 11963.928 10639.278 9607.214 
8466.934 
