LGT.DCD 
-922749.5625
-20
1
2
41
41
26.720 32.064 30.060 30.060 44.088 36.072 20.040 30.060 
18.036 44.088 36.072 40.080 22.044 38.076 30.060 32.064 
28.056 28.056 14.028 32.064 30.060 30.060 40.080 18.036 
32.064 34.068 42.084 30.060 36.072 34.068 36.072 34.068 
28.056 26.052 38.076 38.076 36.072 46.092 28.056 38.076 
28.724 
5317.301 6086.172 6859.719 7787.575 8641.283 9677.354 11104.207 12555.109 
14482.965 16176.353 18839.679 21228.455 24064.128 26935.870 31036.070 35889.776 
41557.112 46931.860 51182.363 53663.324 53869.737 51859.716 49326.650 44096.189 
38657.312 32430.861 27947.894 22993.987 19893.786 16605.210 14134.268 11891.783 
9627.254 8148.296 7086.172 5971.944 5188.377 4458.917 3953.908 3573.146 
3015.364 
