LGT.DCD 
-922749.5625
-20
1
2
41
41
34.736 38.076 30.060 30.060 24.048 26.052 40.080 24.048 
26.052 36.072 30.060 22.044 26.052 26.052 24.048 32.064 
42.084 22.044 32.064 20.040 32.064 36.072 38.076 20.040 
40.080 46.092 46.092 28.056 28.056 18.036 38.076 36.072 
28.056 32.064 26.052 32.064 38.076 32.064 30.060 40.080 
28.724 
25016.030 27098.195 29292.584 32184.367 34905.810 37450.899 40414.827 43745.489 
46609.216 49995.988 52264.528 56466.932 59114.224 61236.470 61380.757 62086.171 
61519.036 59787.572 58024.045 54691.381 51446.893 48122.244 43937.876 41070.139 
38236.471 35897.795 32484.969 28993.987 25579.158 23961.922 21757.514 19951.903 
16889.779 14745.490 13466.934 11184.369 10408.817 9478.958 9084.168 8184.369 
7730.795 
