LGT.DCD 
-922749.5625
-20
1
2
41
41
31.396 26.052 36.072 32.064 24.048 30.060 34.068 38.076 
30.060 22.044 22.044 28.056 38.076 12.024 20.040 36.072 
52.104 30.060 40.080 44.088 42.084 30.060 28.056 20.040 
34.068 40.080 44.088 48.096 36.072 26.052 40.080 42.084 
28.056 40.080 42.084 38.076 26.052 26.052 32.064 40.080 
34.736 
15961.923 18743.486 21300.601 24446.893 27893.786 31969.939 35535.067 40432.863 
45020.036 48787.572 53106.210 54376.752 53785.569 51266.530 47511.018 42438.875 
37270.540 32304.606 28124.247 24116.231 20250.501 17210.420 13973.947 12314.629 
10068.136 9060.120 7927.855 6737.475 6262.525 5376.753 4845.691 4198.396 
3727.455 3266.533 2933.868 2793.587 2352.705 2334.669 2052.104 1767.535 
1659.987 
