LGT.DCD 
-922749.5625
-20
1
2
41
41
30.060 28.056 40.080 40.080 36.072 26.052 46.092 22.044 
32.064 36.072 36.072 24.048 28.056 16.032 26.052 22.044 
42.084 40.080 34.068 24.048 20.040 26.052 32.064 32.064 
38.076 34.068 36.072 38.076 18.036 36.072 46.092 28.056 
40.080 24.048 22.044 14.028 34.068 34.068 28.056 42.084 
28.056 
13448.229 14959.919 17230.460 19619.237 22426.852 25769.538 29222.443 32927.855 
36885.771 41817.633 46204.408 50617.231 53699.395 54749.498 54338.674 51176.351 
47725.450 42326.651 37945.891 32244.486 28308.615 24454.909 20933.867 17955.911 
15458.917 13088.176 11040.080 9711.422 8316.633 7326.653 6462.926 5771.543 
4815.631 4194.389 3889.779 3480.962 2947.896 2771.543 2613.226 2360.721 
2087.508 
