LGT.DCD 
-922749.5625
-20
1
2
41
41
44.756 28.056 26.052 20.040 24.048 36.072 30.060 38.076 
26.052 42.084 32.064 30.060 32.064 26.052 24.048 30.060 
40.080 30.060 26.052 24.048 26.052 30.060 20.040 40.080 
38.076 32.064 40.080 26.052 38.076 16.032 30.060 30.060 
58.116 34.068 34.068 34.068 26.052 38.076 22.044 46.092 
30.060 
5131.596 5959.920 6541.082 7693.386 8470.941 9474.949 10771.543 12140.280 
13541.082 15699.398 17523.046 20140.279 22745.490 26140.279 29569.136 34430.861 
38937.876 43823.644 47839.677 52006.009 53627.252 53805.608 51701.402 47404.806 
42274.546 37390.780 31360.720 26855.710 21997.994 18753.507 15829.659 13340.680 
10897.795 9374.749 7821.643 6611.222 5785.571 4875.751 4252.505 3815.631 
3440.882 
