LGT.DCD 
-922749.5625
-20
1
2
41
41
35.404 20.040 48.096 30.060 32.064 28.056 34.068 36.072 
28.056 34.068 28.056 52.104 26.052 50.100 42.084 34.068 
26.052 34.068 36.072 38.076 38.076 30.060 32.064 28.056 
28.056 42.084 28.056 42.084 38.076 28.056 34.068 30.060 
18.036 40.080 38.076 18.036 16.032 28.056 32.064 46.092 
43.420 
2427.522 2695.391 3032.064 3378.757 3935.872 4194.389 4861.723 5366.733 
6192.384 6917.835 7727.455 8332.665 9673.346 10935.872 11917.835 13675.350 
15601.201 17438.876 20432.864 23208.415 25901.803 29302.603 32525.050 37348.696 
42867.735 47242.483 51683.362 54092.183 53787.572 53114.225 48619.237 44222.444 
39146.292 33168.333 28206.412 23517.033 20038.075 16062.123 13462.925 11591.182 
9698.730 
