LGT.DCD 
-922749.5625
-20
1
2
41
41
30.060 26.052 20.040 32.064 24.048 20.040 42.084 14.028 
42.084 26.052 26.052 20.040 24.048 28.056 26.052 40.080 
30.060 40.080 36.072 40.080 42.084 30.060 32.064 26.052 
38.076 24.048 32.064 44.088 30.060 24.048 26.052 32.064 
20.040 20.040 32.064 30.060 42.084 30.060 24.048 32.064 
34.736 
13963.259 15923.847 18368.737 21400.800 24358.716 28138.276 31446.892 35635.267 
40659.315 44903.806 48637.273 53258.516 55004.007 53937.875 52056.108 48272.543 
43206.411 37318.636 31961.922 27150.300 23418.837 20531.060 17557.113 14919.839 
13186.372 11324.648 9753.506 8280.561 7258.517 6282.565 5745.491 5066.132 
4332.665 3623.246 3342.685 2899.799 2513.026 2474.950 2256.513 2076.152 
1798.931 
