LGT.DCD 
-922749.5625
-30
1
2
41
41
28.724 20.040 44.088 26.052 36.072 56.112 44.088 18.036 
30.060 32.064 20.040 34.068 34.068 20.040 46.092 20.040 
34.068 32.064 34.068 30.060 38.076 32.064 26.052 52.104 
40.080 24.048 40.080 30.060 34.068 34.068 32.064 40.080 
34.068 32.064 26.052 32.064 40.080 26.052 30.060 26.052 
26.052 
15822.978 17911.822 20044.087 22140.279 24685.370 27531.060 30607.213 33034.067 
36232.462 39709.417 41919.836 46591.180 50264.528 53587.171 57082.162 58845.689 
61274.545 61915.830 62058.114 59575.147 56312.623 51711.420 46370.741 40070.139 
35821.642 30957.915 27689.377 25084.166 22971.944 19294.589 17060.119 14933.867 
13791.582 12240.481 10891.783 9939.879 9182.364 8346.693 7585.170 7082.164 
6459.585 
