LGT.DCD 
-922749.5625
-20
1
2
41
41
30.060 34.068 32.064 18.036 36.072 28.056 32.064 36.072 
30.060 28.056 36.072 42.084 50.100 30.060 30.060 32.064 
26.052 46.092 34.068 34.068 38.076 34.068 36.072 28.056 
36.072 32.064 32.064 34.068 44.088 34.068 38.076 44.088 
32.064 32.064 32.064 26.052 18.036 32.064 34.068 32.064 
32.732 
8134.936 8787.574 10869.739 12096.192 12947.895 14703.407 16527.053 18346.692 
20577.153 22635.270 25456.912 28817.633 31795.590 35424.849 39028.055 43849.699 
48378.755 51194.387 54859.716 57967.935 59959.916 60482.965 58362.722 55092.183 
51172.342 48252.504 44625.250 40761.522 36014.025 32621.241 28941.882 26126.252 
22987.975 20663.325 18126.252 15715.430 13931.863 12468.937 11078.156 9709.419 
8925.183 
