LGT.DCD 
-922749.5625
-30
1
2
41
41
34.736 32.064 44.088 26.052 38.076 24.048 34.068 40.080 
30.060 32.064 38.076 44.088 48.096 32.064 46.092 32.064 
24.048 30.060 28.056 42.084 22.044 32.064 20.040 22.044 
36.072 16.032 48.096 38.076 36.072 28.056 32.064 24.048 
40.080 32.064 32.064 36.072 22.044 30.060 22.044 30.060 
31.396 
9832.999 11154.308 12386.773 14086.171 15821.642 18288.577 20136.271 22891.782 
25350.701 28342.684 31384.768 34763.525 37607.214 41434.866 44753.504 47679.357 
50284.566 53338.674 55152.303 57841.680 60066.129 60639.276 59953.904 55827.653 
51871.740 46068.136 39917.833 33875.750 29484.969 25623.246 22462.924 19905.810 
17480.962 15310.621 13398.797 12637.274 11024.047 9593.186 9054.108 7983.967 
7167.668 
