LGT.DCD 
-922749.5625
-20
1
2
41
41
39.412 40.080 34.068 36.072 36.072 14.028 50.100 30.060 
18.036 36.072 32.064 28.056 40.080 20.040 52.104 30.060 
34.068 34.068 20.040 32.064 26.052 24.048 38.076 32.064 
20.040 24.048 24.048 34.068 34.068 32.064 36.072 28.056 
26.052 36.072 22.044 30.060 14.028 20.040 30.060 28.056 
31.396 
6411.489 7314.629 8174.348 9300.601 10030.059 11448.897 13579.158 14989.979 
17192.384 19280.561 21330.661 24238.477 27953.906 31855.709 36194.388 40034.067 
44386.770 48531.061 52022.043 53713.426 53012.021 50715.429 47302.602 42394.789 
36909.819 31921.843 26454.909 22060.119 18605.210 15541.082 12841.683 10837.675 
9276.553 7943.887 6637.274 6012.024 5182.365 4418.837 4038.076 3515.030 
3106.212 
