LGT.DCD 
-922749.5625
-20
1
2
41
41
32.064 42.084 32.064 26.052 48.096 34.068 12.024 32.064 
26.052 28.056 32.064 24.048 38.076 14.028 30.060 28.056 
24.048 24.048 24.048 34.068 14.028 28.056 38.076 26.052 
32.064 16.032 36.072 30.060 24.048 48.096 44.088 36.072 
38.076 42.084 26.052 44.088 24.048 38.076 40.080 24.048 
32.064 
6338.009 7176.352 8184.369 9450.902 10673.346 11939.879 13891.783 15338.677 
16997.995 18945.891 22066.131 24679.358 28254.508 32172.343 36022.043 40657.312 
45204.408 50981.962 53843.686 55288.575 55174.344 52438.875 47667.333 44318.636 
39418.837 33272.543 27725.449 24282.565 20643.285 17312.625 15370.741 13154.308 
11775.550 10066.132 8657.314 7733.467 6434.869 5699.399 4933.868 4448.898 
3977.288 
