LGT.DCD 
-922749.5625
-20
1
2
41
41
34.068 24.048 32.064 38.076 22.044 38.076 26.052 30.060 
38.076 56.112 44.088 24.048 32.064 32.064 18.036 60.120 
40.080 32.064 22.044 24.048 24.048 26.052 34.068 48.096 
36.072 36.072 28.056 20.040 44.088 16.032 34.068 32.064 
32.064 22.044 28.056 36.072 36.072 44.088 44.088 32.064 
39.412 
29214.427 32384.768 34208.414 36991.984 41016.031 42877.752 45791.582 49470.941 
54454.908 54326.650 60867.734 66074.147 66236.470 66234.463 64833.661 60402.802 
54947.892 54288.575 50999.998 48146.291 45865.728 43148.294 38677.351 34517.031 
31306.612 29152.302 24957.915 24366.732 21817.634 19937.875 18188.377 16394.788 
15853.707 15633.266 13887.775 12464.929 11747.494 10486.973 9539.077 8158.316 
7492.318 
