LGT.DCD 
-922749.5625
-20
1
2
41
41
41.416 46.092 32.064 38.076 34.068 32.064 34.068 28.056 
32.064 34.068 32.064 34.068 24.048 30.060 22.044 40.080 
32.064 30.060 42.084 38.076 46.092 24.048 36.072 38.076 
32.064 22.044 34.068 18.036 30.060 32.064 32.064 40.080 
22.044 22.044 36.072 36.072 22.044 38.076 28.056 28.056 
22.712 
4138.276 4743.487 5240.481 6026.052 6717.435 7422.845 8583.166 9661.322 
10903.807 12060.120 13456.913 15194.388 17286.573 19761.521 22416.833 25563.124 
29362.725 33633.265 38032.061 43070.139 47845.689 51715.429 53587.171 54501.001 
51821.641 48166.330 43234.468 38334.669 32961.924 28272.544 23332.663 19408.816 
16653.306 13921.843 11412.825 9923.848 8406.813 7162.324 6026.052 5398.797 
4506.346 
