LGT.DCD 
-922749.5625
-20
1
2
41
41
31.396 36.072 28.056 46.092 32.064 36.072 34.068 22.044 
40.080 36.072 24.048 22.044 28.056 22.044 42.084 30.060 
20.040 36.072 32.064 38.076 18.036 24.048 28.056 28.056 
32.064 34.068 28.056 34.068 32.064 36.072 22.044 42.084 
44.088 34.068 26.052 30.060 42.084 26.052 38.076 34.068 
32.732 
6877.087 8022.044 8989.979 9857.715 11412.825 12615.230 14561.121 16444.888 
18370.740 21080.159 24208.415 27340.680 31014.027 36619.238 41605.207 46486.971 
51084.165 54288.575 55124.246 54274.545 51106.210 46915.830 42434.866 37090.178 
32160.319 28008.015 23555.110 19727.454 16563.125 13829.659 12194.388 9979.959 
8525.050 7204.408 6186.372 5440.881 4681.362 4138.276 3685.371 3206.413 
2787.575 
