LGT.DCD 
-922749.5625
-20
1
2
41
41
29.392 24.048 36.072 40.080 24.048 46.092 24.048 26.052 
28.056 36.072 28.056 36.072 32.064 26.052 32.064 26.052 
34.068 28.056 30.060 16.032 24.048 22.044 32.064 30.060 
24.048 24.048 42.084 18.036 36.072 36.072 24.048 30.060 
26.052 34.068 24.048 22.044 30.060 34.068 52.104 16.032 
39.412 
30183.699 30737.473 34214.426 38226.450 41310.617 43218.435 46060.117 47040.079 
50182.363 51334.669 55158.315 58699.395 62887.772 65314.625 65833.661 65559.117 
63647.290 60577.153 57999.997 54158.315 47174.345 43208.414 41084.166 38424.849 
36076.151 31116.230 28617.234 26819.638 23597.194 21208.415 19100.200 16595.189 
16014.028 15761.522 14765.530 13134.268 11757.514 10480.961 9657.314 8793.586 
8215.096 
