LGT.DCD 
-922749.5625
-20
1
2
41
41
33.400 36.072 48.096 36.072 40.080 28.056 34.068 42.084 
36.072 28.056 28.056 20.040 24.048 38.076 38.076 34.068 
42.084 22.044 30.060 30.060 40.080 26.052 42.084 26.052 
34.068 32.064 40.080 32.064 42.084 26.052 22.044 34.068 
44.088 24.048 48.096 32.064 36.072 36.072 40.080 46.092 
31.396 
26790.913 29200.400 33529.055 34224.448 35861.723 38993.986 41569.136 44340.681 
46895.788 49300.600 52134.267 55434.865 57945.890 60523.042 62605.206 66026.051 
66769.536 65995.991 62090.176 57064.126 53511.018 49472.944 47118.234 43527.052 
38168.333 33829.657 30671.341 27989.979 25458.916 24340.680 22354.709 19685.370 
18631.261 17174.348 15486.973 14402.805 13549.097 12334.669 11248.496 9807.615 
9639.946 
