LGT.DCD 
-922749.5625
-20
1
2
41
41
45.424 42.084 28.056 32.064 28.056 26.052 30.060 44.088 
48.096 22.044 36.072 30.060 26.052 34.068 38.076 32.064 
30.060 32.064 22.044 30.060 28.056 34.068 30.060 36.072 
36.072 28.056 40.080 28.056 46.092 40.080 30.060 22.044 
38.076 20.040 18.036 26.052 42.084 32.064 32.064 42.084 
32.064 
4812.959 5583.166 6136.272 7158.316 7907.815 8452.905 9973.947 11284.568 
12434.869 14100.200 16190.379 18344.689 20623.246 23779.557 26911.822 30713.425 
35464.930 39549.097 44324.648 49084.165 52505.006 54336.671 53675.348 51464.929 
47016.031 41535.067 35661.322 31066.130 26931.863 22679.358 19010.018 15715.430 
12727.455 10557.114 9122.244 7851.703 6498.998 5709.419 4785.571 4410.821 
3706.079 
