LGT.DCD 
-922749.5625
-20
1
2
41
41
28.724 40.080 30.060 38.076 28.056 24.048 34.068 40.080 
26.052 28.056 36.072 38.076 30.060 26.052 46.092 30.060 
14.028 28.056 44.088 32.064 22.044 28.056 42.084 40.080 
24.048 42.084 24.048 28.056 24.048 26.052 44.088 30.060 
26.052 32.064 30.060 40.080 26.052 40.080 38.076 42.084 
33.400 
6426.185 7208.417 7915.831 9178.357 10747.494 11845.691 13236.472 14881.763 
16907.815 19120.240 21999.999 26230.460 29799.597 33488.978 37877.752 42799.597 
48404.806 52591.180 54492.982 54140.279 53158.315 49523.042 43446.894 37743.487 
32232.462 27042.082 23026.051 19517.034 15797.594 13458.917 11412.825 10166.332 
8348.697 7226.452 6052.104 5396.793 4619.238 3949.900 3456.914 2995.992 
2697.395 
