LGT.DCD 
-922749.5625
-20
1
2
41
41
33.400 44.088 28.056 26.052 30.060 28.056 34.068 44.088 
54.108 38.076 36.072 22.044 32.064 28.056 46.092 36.072 
34.068 20.040 34.068 20.040 30.060 32.064 22.044 38.076 
22.044 30.060 28.056 32.064 36.072 36.072 48.096 44.088 
44.088 32.064 40.080 22.044 36.072 28.056 32.064 48.096 
29.392 
8524.381 9537.074 10645.290 11679.358 13088.176 15258.517 16757.514 18573.146 
21336.673 23675.349 25511.021 28583.165 32302.603 35462.923 39280.558 43120.237 
46797.594 50472.944 54156.308 58082.162 59625.249 60348.695 59400.800 56078.153 
52687.372 47857.713 44665.327 40687.372 36731.463 33068.137 29751.502 26725.449 
23623.246 21444.888 18857.715 16867.734 14927.855 13124.248 12022.044 10581.162 
9313.293 
