LGT.DCD 
-10910761
-50
1
2
101
101
2137.137 2138.138 2123.123 2153.153 2045.045 2082.082 2182.182 2087.087 
2083.083 2114.114 2196.196 2094.094 2187.187 2083.083 2121.121 2180.180 
2108.108 2143.143 2179.179 2110.110 2156.156 2162.162 2214.214 2035.035 
2081.081 2141.141 2148.148 2180.180 2165.165 2065.065 2110.110 2142.142 
2168.168 2137.137 2096.096 2149.149 2156.156 2196.196 2097.097 2165.165 
2163.163 2134.134 2101.101 2138.138 2188.188 2172.172 2156.156 2197.197 
2062.062 2217.217 2069.069 2212.212 2172.172 2142.142 2136.136 2182.182 
2115.115 2092.092 2133.133 2160.160 2304.304 2128.128 2158.158 2106.106 
2085.085 2189.189 2141.141 2144.144 2119.119 2162.162 2173.173 2157.157 
2173.173 2220.220 2089.089 2198.198 2144.144 2103.103 2106.106 2171.171 
2127.127 2223.223 2182.182 2254.254 2180.180 2173.173 2146.146 2115.115 
2102.102 2117.117 2140.140 2206.206 2184.184 2224.224 2124.124 2116.116 
2152.152 2179.179 2187.187 2206.206 2192.192 
3978.311 4088.088 4161.161 4067.067 4181.181 4121.121 4173.173 4229.229 
4249.249 4339.339 4421.421 4473.473 4518.518 4456.456 4658.658 4695.696 
4805.805 4843.844 4980.981 4958.959 5185.185 5188.188 5493.493 5775.776 
5758.758 6203.203 6534.534 6741.741 7132.132 7489.489 7989.989 8618.619 
9495.495 10252.252 11483.483 12823.823 15103.102 17089.088 20322.322 23189.189 
27349.349 32993.994 40447.447 49049.047 57532.529 65395.390 71824.818 78485.485 
80917.912 80499.493 78506.504 73572.567 68005.002 63094.090 56662.660 50852.849 
44950.948 38637.636 33241.240 29730.729 26091.090 22850.850 20256.255 17719.718 
15978.978 14262.262 12997.998 11677.678 10627.627 9632.632 8868.868 8078.078 
7674.674 7322.322 6896.897 6365.365 6231.231 5886.887 5751.752 5466.466 
5316.316 5308.308 5124.124 4917.917 4931.932 4692.693 4698.698 4650.650 
4577.577 4616.617 4563.563 4487.487 4426.426 4429.429 4353.353 4385.385 
4183.183 4249.249 4170.170 4028.028 4135.802 
