LGT.DCD 
-10910761
-50
1
2
101
101
2147.147 2088.088 2172.172 2084.084 2142.142 2092.092 2127.127 2052.052 
2175.175 2078.078 2132.132 2092.092 2108.108 2177.177 2116.116 2129.129 
2120.120 2175.175 2016.016 2125.125 2099.099 2081.081 2137.137 2181.181 
2190.190 2157.157 2150.150 2154.154 2104.104 2116.116 2029.029 2113.113 
2152.152 2115.115 2134.134 2114.114 2049.049 2112.112 2073.073 2160.160 
2136.136 2152.152 2116.116 2135.135 2125.125 2092.092 2124.124 2215.215 
2183.183 2122.122 2231.231 2198.198 2151.151 2126.126 2119.119 2127.127 
2032.032 2181.181 2157.157 2082.082 2090.090 2161.161 2167.167 2189.189 
2155.155 2132.132 2157.157 2163.163 2139.139 2092.092 2218.218 2091.091 
2172.172 2170.170 2223.223 2039.039 2108.108 2240.240 2163.163 2087.087 
2128.128 2106.106 2241.241 2172.172 2137.137 2210.210 2086.086 2139.139 
2144.144 2186.186 2130.130 2119.119 2062.062 2139.139 2188.188 2216.216 
2104.104 2199.199 2151.151 2175.175 2127.794 
6016.683 6374.374 6911.912 7429.429 8451.451 9150.150 10284.284 11567.567 
12947.947 14338.337 15456.455 17018.018 17861.861 18778.777 19651.650 19877.877 
20146.146 20158.156 20098.098 19745.746 19382.381 19046.044 18452.451 18431.430 
17701.701 17550.550 16790.790 16825.826 16418.418 16198.198 15742.742 15547.547 
15284.284 14995.995 14907.907 14858.858 14414.414 14288.287 14083.082 14194.193 
14112.111 13937.937 13747.747 13806.806 13455.455 13676.676 13371.371 13435.435 
13225.225 13436.436 13360.360 13322.321 13049.049 13165.164 13150.150 13050.049 
12819.819 12942.942 12993.993 13250.249 12827.827 12972.972 13103.102 13176.175 
13001.001 13249.249 13072.071 13104.103 13140.140 13008.007 13362.361 13420.420 
13266.265 13680.680 13280.279 13592.592 13681.681 13939.939 13978.978 14098.097 
14212.212 14114.113 14383.383 14386.385 14736.736 14699.699 15041.041 15184.183 
15185.185 15678.678 16165.164 16192.191 16567.567 16764.764 17595.595 17955.955 
18228.227 18783.782 19245.244 19606.607 19903.903 
