LGT.DCD 
10563338
-20
0.5
2
81
81
873.874 881.882 941.942 1027.027 1049.049 1151.151 1184.184 1229.229 
1299.299 1300.300 1442.442 1434.434 1617.618 1724.725 1772.773 1949.950 
2137.137 2144.144 2406.406 2518.518 2798.799 3060.060 3337.337 3853.854 
4078.078 4563.563 4974.975 5723.724 6363.363 7297.297 8351.351 9812.812 
11767.767 14206.206 17741.740 22573.573 31331.330 48156.152 71694.691 92295.291 
109998.995 117941.935 110061.053 93350.345 71227.223 48217.214 30553.551 22317.317 
17157.157 13721.721 11144.144 9371.371 7868.868 6797.797 5795.796 5030.030 
4531.531 4014.014 3471.471 3182.182 2795.796 2615.615 2311.311 2185.185 
2039.039 1765.766 1699.700 1515.515 1409.409 1300.300 1151.151 1123.123 
1062.062 984.985 915.916 865.866 727.728 738.739 704.705 655.656 
643.644 
0.000 0.000 0.000 0.000 0.000 0.000 0.000 0.000 
0.000 0.000 0.000 0.000 0.000 0.000 0.000 0.000 
0.000 0.000 0.000 0.000 0.000 0.000 0.000 0.000 
0.000 0.000 0.000 0.000 0.000 0.000 0.000 0.000 
0.000 0.000 0.000 0.000 0.000 0.000 0.000 0.000 
0.000 0.000 0.000 0.000 0.000 0.000 0.000 0.000 
0.000 0.000 0.000 0.000 0.000 0.000 0.000 0.000 
0.000 0.000 0.000 0.000 0.000 0.000 0.000 0.000 
0.000 0.000 0.000 0.000 0.000 0.000 0.000 0.000 
0.000 0.000 0.000 0.000 0.000 0.000 0.000 0.000 
0.000 
