LGT.DCD 
10563338
-20
0.5
2
81
81
829.830 883.884 882.883 1011.011 1041.041 1072.072 1179.179 1211.211 
1211.211 1441.441 1432.432 1557.558 1740.741 1854.855 1881.882 1937.938 
2228.228 2349.349 2592.592 2854.855 3018.018 3332.332 3749.749 4083.083 
4630.630 5050.050 5962.963 6582.582 7799.800 9094.094 10672.672 12890.890 
15651.651 19709.708 26047.045 36616.614 58297.296 79356.350 99461.459 113307.299 
115430.422 103378.375 84648.647 61817.815 38672.670 25186.185 18656.655 14374.374 
11887.887 9731.731 8317.317 7022.022 6088.088 5188.188 4464.464 3969.970 
3447.447 3092.092 2853.854 2476.476 2206.206 2105.105 1864.865 1708.709 
1584.585 1405.405 1311.311 1203.203 1131.131 1034.034 924.925 924.925 
815.816 724.725 721.722 705.706 663.664 630.631 567.568 553.554 
523.523 
0.000 0.000 0.000 0.000 0.000 0.000 0.000 0.000 
0.000 0.000 0.000 0.000 0.000 0.000 0.000 0.000 
0.000 0.000 0.000 0.000 0.000 0.000 0.000 0.000 
0.000 0.000 0.000 0.000 0.000 0.000 0.000 0.000 
0.000 0.000 0.000 0.000 0.000 0.000 0.000 0.000 
0.000 0.000 0.000 0.000 0.000 0.000 0.000 0.000 
0.000 0.000 0.000 0.000 0.000 0.000 0.000 0.000 
0.000 0.000 0.000 0.000 0.000 0.000 0.000 0.000 
0.000 0.000 0.000 0.000 0.000 0.000 0.000 0.000 
0.000 0.000 0.000 0.000 0.000 0.000 0.000 0.000 
0.000 
