LGT.DCD 
10563338
-20
0.5
2
81
81
885.886 914.915 971.972 1068.068 1058.058 1090.090 1180.180 1248.248 
1323.323 1432.432 1432.432 1649.650 1732.733 1903.904 2009.009 2106.106 
2191.191 2472.472 2716.717 2940.941 3278.278 3626.627 3925.926 4331.331 
4857.857 5539.539 6452.452 7177.177 8413.413 9709.710 11564.564 13883.883 
17700.700 22610.610 30443.442 47039.037 70957.951 90688.686 108415.408 117886.881 
109015.009 92826.824 72321.316 48910.909 30221.220 21543.542 16309.308 12927.927 
10869.870 8925.926 7581.581 6486.486 5665.665 4973.974 4307.307 3869.870 
3352.352 2872.873 2632.633 2378.378 2251.251 1978.979 1781.782 1587.588 
1487.487 1365.365 1240.240 1162.162 1051.051 1024.024 936.937 908.909 
828.829 763.764 739.740 686.687 617.618 650.651 568.569 523.523 
483.483 
0.000 0.000 0.000 0.000 0.000 0.000 0.000 0.000 
0.000 0.000 0.000 0.000 0.000 0.000 0.000 0.000 
0.000 0.000 0.000 0.000 0.000 0.000 0.000 0.000 
0.000 0.000 0.000 0.000 0.000 0.000 0.000 0.000 
0.000 0.000 0.000 0.000 0.000 0.000 0.000 0.000 
0.000 0.000 0.000 0.000 0.000 0.000 0.000 0.000 
0.000 0.000 0.000 0.000 0.000 0.000 0.000 0.000 
0.000 0.000 0.000 0.000 0.000 0.000 0.000 0.000 
0.000 0.000 0.000 0.000 0.000 0.000 0.000 0.000 
0.000 0.000 0.000 0.000 0.000 0.000 0.000 0.000 
0.000 
