LGT.DCD 
10563338
-20
0.5
2
81
81
1638.639 1614.615 1838.839 1811.812 2026.026 2134.134 2280.280 2404.404 
2502.502 2604.605 2828.829 2872.873 3095.095 3303.303 3394.394 3516.516 
3752.753 3969.970 4315.315 4493.493 4900.901 4998.999 5249.249 5645.645 
6064.064 6238.238 6648.648 7062.062 7491.491 7729.729 8138.137 8853.854 
9289.289 9764.764 10301.301 10616.616 11159.158 11676.676 12073.073 12261.260 
12417.417 12801.801 12890.890 12902.902 12811.811 12744.744 12419.419 12081.081 
12074.073 11546.546 11156.156 10638.638 10003.003 9654.654 9243.243 8786.787 
8195.195 7633.633 7427.427 7005.005 6538.538 6096.096 5955.956 5383.383 
5024.024 4869.869 4528.528 4171.171 3880.881 3773.773 3420.420 3235.235 
3107.107 2860.861 2751.752 2552.552 2367.367 2240.240 2104.104 1970.971 
1953.954 
0.000 0.000 0.000 0.000 0.000 0.000 0.000 0.000 
0.000 0.000 0.000 0.000 0.000 0.000 0.000 0.000 
0.000 0.000 0.000 0.000 0.000 0.000 0.000 0.000 
0.000 0.000 0.000 0.000 0.000 0.000 0.000 0.000 
0.000 0.000 0.000 0.000 0.000 0.000 0.000 0.000 
0.000 0.000 0.000 0.000 0.000 0.000 0.000 0.000 
0.000 0.000 0.000 0.000 0.000 0.000 0.000 0.000 
0.000 0.000 0.000 0.000 0.000 0.000 0.000 0.000 
0.000 0.000 0.000 0.000 0.000 0.000 0.000 0.000 
0.000 0.000 0.000 0.000 0.000 0.000 0.000 0.000 
0.000 
