LGT.DCD 
10563338
-60
0.5
2
241
241
151.151 163.163 157.157 142.142 187.187 148.148 146.146 182.182 
162.162 185.185 198.198 159.159 184.184 174.174 180.180 195.195 
200.200 204.204 223.223 181.181 202.202 199.199 203.203 244.244 
222.222 286.286 277.277 287.287 283.283 294.294 304.304 354.354 
364.364 348.348 319.319 350.350 335.335 380.380 427.427 423.423 
461.461 449.449 466.466 477.477 525.525 524.524 534.534 588.589 
605.606 643.644 695.696 706.707 739.740 785.786 842.843 833.834 
918.919 917.918 974.975 1036.036 1073.073 1123.123 1194.194 1288.288 
1212.212 1393.393 1415.415 1517.517 1528.528 1650.651 1674.675 1870.871 
1880.881 1920.921 2037.037 2108.108 2233.233 2371.371 2494.494 2531.531 
2712.713 2791.792 2933.934 3121.121 3387.387 3441.441 3695.695 3872.873 
4080.080 4156.156 4413.413 4706.706 4984.985 5169.169 5532.532 5721.721 
6077.077 6351.351 6620.620 7089.089 7637.637 7976.976 8468.468 8770.771 
9295.295 9844.844 10542.542 11172.172 11699.699 12334.334 12705.705 13589.588 
14543.543 15045.044 15670.670 16157.157 16818.818 17402.402 17844.844 18208.207 
18376.376 18494.495 18359.359 18354.354 18450.450 17971.971 17918.918 17150.149 
16829.829 16568.568 15765.765 15025.025 14449.449 13832.833 13420.420 12714.714 
11956.956 11198.198 10800.801 10013.012 9491.491 8894.894 8584.584 7902.903 
7386.386 7050.050 6640.640 5899.900 5803.804 5581.581 5103.103 4819.820 
4441.441 4092.092 4026.026 3745.745 3484.484 3249.249 3038.038 2864.865 
2660.661 2503.503 2295.295 2176.176 2200.200 1964.965 1837.838 1863.864 
1710.711 1692.693 1497.497 1392.392 1305.305 1278.278 1201.201 1182.182 
1145.145 1067.067 1028.028 980.981 943.944 886.887 910.911 875.876 
800.801 719.720 772.773 711.712 691.692 675.676 619.620 643.644 
547.547 542.542 521.521 527.527 467.467 466.466 457.457 460.460 
455.455 394.394 371.371 379.379 381.381 312.312 329.329 297.297 
324.324 272.272 288.288 269.269 269.269 251.251 244.244 235.235 
200.200 222.222 189.189 205.205 205.205 189.189 189.189 174.174 
166.166 176.176 151.151 138.138 141.141 146.146 114.114 143.143 
133.133 135.135 143.143 123.123 102.102 130.130 120.120 129.129 
121.121 
0.000 0.000 0.000 0.000 0.000 0.000 0.000 0.000 
0.000 0.000 0.000 0.000 0.000 0.000 0.000 0.000 
0.000 0.000 0.000 0.000 0.000 0.000 0.000 0.000 
0.000 0.000 0.000 0.000 0.000 0.000 0.000 0.000 
0.000 0.000 0.000 0.000 0.000 0.000 0.000 0.000 
0.000 0.000 0.000 0.000 0.000 0.000 0.000 0.000 
0.000 0.000 0.000 0.000 0.000 0.000 0.000 0.000 
0.000 0.000 0.000 0.000 0.000 0.000 0.000 0.000 
0.000 0.000 0.000 0.000 0.000 0.000 0.000 0.000 
0.000 0.000 0.000 0.000 0.000 0.000 0.000 0.000 
0.000 0.000 0.000 0.000 0.000 0.000 0.000 0.000 
0.000 0.000 0.000 0.000 0.000 0.000 0.000 0.000 
0.000 0.000 0.000 0.000 0.000 0.000 0.000 0.000 
0.000 0.000 0.000 0.000 0.000 0.000 0.000 0.000 
0.000 0.000 0.000 0.000 0.000 0.000 0.000 0.000 
0.000 0.000 0.000 0.000 0.000 0.000 0.000 0.000 
0.000 0.000 0.000 0.000 0.000 0.000 0.000 0.000 
0.000 0.000 0.000 0.000 0.000 0.000 0.000 0.000 
0.000 0.000 0.000 0.000 0.000 0.000 0.000 0.000 
0.000 0.000 0.000 0.000 0.000 0.000 0.000 0.000 
0.000 0.000 0.000 0.000 0.000 0.000 0.000 0.000 
0.000 0.000 0.000 0.000 0.000 0.000 0.000 0.000 
0.000 0.000 0.000 0.000 0.000 0.000 0.000 0.000 
0.000 0.000 0.000 0.000 0.000 0.000 0.000 0.000 
0.000 0.000 0.000 0.000 0.000 0.000 0.000 0.000 
0.000 0.000 0.000 0.000 0.000 0.000 0.000 0.000 
0.000 0.000 0.000 0.000 0.000 0.000 0.000 0.000 
0.000 0.000 0.000 0.000 0.000 0.000 0.000 0.000 
0.000 0.000 0.000 0.000 0.000 0.000 0.000 0.000 
0.000 0.000 0.000 0.000 0.000 0.000 0.000 0.000 
0.000 
