LGT.DCD 
10563338
-20
0.5
2
81
81
1365.365 1464.464 1487.487 1501.501 1557.558 1662.663 1826.827 1898.899 
1958.959 2039.039 2106.106 2300.300 2303.303 2423.423 2669.670 2717.718 
2862.863 3130.130 3260.260 3408.408 3460.460 3815.816 3955.956 4271.271 
4490.490 4799.800 5030.030 5392.392 5619.620 5745.745 6379.379 6520.520 
6905.905 7315.315 7645.645 8067.067 8286.286 8435.435 8793.793 8754.755 
8966.966 8988.988 9075.075 9009.009 8791.791 8771.771 8675.675 8418.418 
8373.373 7935.936 7622.622 7391.391 7159.159 6740.740 6543.543 6039.039 
5785.785 5632.632 5323.323 4934.935 4557.557 4469.469 4192.192 3859.860 
3727.727 3517.517 3240.240 3156.156 2939.940 2674.675 2520.520 2422.422 
2246.246 2036.036 2006.006 1835.836 1723.724 1634.635 1494.494 1449.449 
1346.346 
0.000 0.000 0.000 0.000 0.000 0.000 0.000 0.000 
0.000 0.000 0.000 0.000 0.000 0.000 0.000 0.000 
0.000 0.000 0.000 0.000 0.000 0.000 0.000 0.000 
0.000 0.000 0.000 0.000 0.000 0.000 0.000 0.000 
0.000 0.000 0.000 0.000 0.000 0.000 0.000 0.000 
0.000 0.000 0.000 0.000 0.000 0.000 0.000 0.000 
0.000 0.000 0.000 0.000 0.000 0.000 0.000 0.000 
0.000 0.000 0.000 0.000 0.000 0.000 0.000 0.000 
0.000 0.000 0.000 0.000 0.000 0.000 0.000 0.000 
0.000 0.000 0.000 0.000 0.000 0.000 0.000 0.000 
0.000 
