LGT.DCD 
10563338
-20
0.5
2
81
81
1196.196 1240.240 1346.346 1414.414 1507.507 1559.560 1636.637 1791.792 
1790.791 1925.926 2019.019 2151.151 2325.325 2347.347 2517.517 2658.659 
2863.864 3038.038 3330.330 3304.304 3421.421 3681.681 3927.928 4283.283 
4405.405 4756.757 5152.152 5293.293 5566.566 6024.024 6109.109 6705.705 
7096.096 7361.361 7781.781 8150.150 8548.548 8742.742 8870.870 9216.216 
9244.244 9397.397 9713.713 9592.592 9504.504 9555.555 9155.155 9010.009 
8745.745 8457.457 8200.200 7726.726 7470.470 7040.040 6679.680 6411.411 
6078.078 5768.769 5476.476 5153.153 4857.857 4413.413 4225.225 3896.897 
3736.737 3502.502 3371.371 3120.120 2858.859 2739.740 2597.597 2369.369 
2278.278 2162.162 2012.012 1883.884 1906.907 1613.614 1592.593 1479.479 
1433.433 
0.000 0.000 0.000 0.000 0.000 0.000 0.000 0.000 
0.000 0.000 0.000 0.000 0.000 0.000 0.000 0.000 
0.000 0.000 0.000 0.000 0.000 0.000 0.000 0.000 
0.000 0.000 0.000 0.000 0.000 0.000 0.000 0.000 
0.000 0.000 0.000 0.000 0.000 0.000 0.000 0.000 
0.000 0.000 0.000 0.000 0.000 0.000 0.000 0.000 
0.000 0.000 0.000 0.000 0.000 0.000 0.000 0.000 
0.000 0.000 0.000 0.000 0.000 0.000 0.000 0.000 
0.000 0.000 0.000 0.000 0.000 0.000 0.000 0.000 
0.000 0.000 0.000 0.000 0.000 0.000 0.000 0.000 
0.000 
