LGT.DCD 
10563320
-12
1
2
41
41
60.961 49.049 59.059 77.077 65.065 80.080 54.054 62.062 
58.058 72.072 54.054 59.059 70.070 68.068 76.076 79.079 
54.054 48.048 59.059 48.048 65.065 67.067 54.054 57.057 
60.060 59.059 66.066 54.054 50.050 66.066 57.057 60.060 
60.060 69.069 67.067 54.054 56.056 67.067 73.073 62.062 
63.764 
8776.176 9650.651 10873.873 12001.001 13468.468 15290.289 17031.030 19720.719 
22513.512 25936.936 29819.819 34500.498 39474.474 45369.367 52221.219 58853.852 
66769.765 74836.834 81415.409 85075.069 86086.078 84765.758 81355.350 76663.662 
71293.293 65669.667 60456.452 54210.206 48388.387 43238.237 38634.634 40637.636 
36412.409 32515.513 28099.097 22452.451 17131.129 14761.761 12432.432 12623.623 
12628.828 
