LGT.DCD 
-922747
-20
1
2
41
41
45.045 61.061 44.044 67.067 46.046 58.058 64.064 48.048 
47.047 55.055 46.046 66.066 50.050 42.042 52.052 54.054 
50.050 49.049 57.057 44.044 48.048 55.055 52.052 59.059 
48.048 42.042 59.059 63.063 56.056 61.061 55.055 48.048 
49.049 59.059 55.055 48.048 52.052 44.044 58.058 56.056 
60.060 
2836.837 3235.235 3820.821 4564.564 5578.578 6814.815 8205.205 10207.207 
12491.491 15677.677 19097.096 23404.403 29072.072 35503.500 43684.683 52088.087 
60299.298 66970.967 71520.520 73493.489 73210.209 70342.335 66516.514 61293.290 
55174.173 47793.790 39237.234 30301.301 22623.622 16325.324 11803.803 8494.494 
5942.943 4268.268 3260.260 2569.569 1987.988 1610.611 1363.363 1106.106 
981.982 
