LGT.DCD 
-922747
-20
1
2
41
41
50.050 51.051 48.048 52.052 52.052 58.058 49.049 57.057 
47.047 65.065 56.056 48.048 56.056 51.051 50.050 45.045 
55.055 44.044 30.030 44.044 46.046 44.044 47.047 53.053 
53.053 47.047 60.060 48.048 48.048 55.055 61.061 46.046 
44.044 48.048 53.053 48.048 67.067 70.070 59.059 35.035 
38.038 
1942.943 2229.229 2605.605 2920.921 3477.477 4160.160 5120.120 6370.370 
8113.113 10200.200 12973.974 15835.835 19490.489 23734.734 29214.213 35241.240 
42239.237 49820.817 57607.606 64635.632 69164.158 70482.480 67465.459 59286.283 
48759.756 36822.821 25745.745 16824.824 10554.554 6788.788 4503.503 3103.103 
2196.196 1689.690 1246.246 982.983 803.804 617.618 574.575 489.489 
408.408 
