LGT.DCD 
-922747
-20
1
2
41
41
60.060 60.060 62.062 57.057 59.059 57.057 54.054 59.059 
55.055 49.049 59.059 43.043 53.053 47.047 57.057 59.059 
62.062 72.072 54.054 50.050 58.058 52.052 60.060 51.051 
46.046 58.058 50.050 61.061 73.073 50.050 57.057 74.074 
63.063 76.076 64.064 68.068 66.066 54.054 57.057 62.062 
59.059 
2720.721 3258.258 3888.889 4691.692 5993.993 7500.500 9290.289 12353.353 
15884.884 20321.321 25500.499 31550.549 38225.222 46313.310 53407.403 59121.118 
62293.290 62709.706 60625.623 55560.559 48985.982 39980.978 31071.070 23214.213 
16642.642 11963.963 8306.305 5919.920 4251.251 3005.005 2337.337 1882.883 
1441.441 1218.218 991.992 860.861 748.749 654.655 572.573 507.507 
452.452 
