LGT.DCD 
-922747
-20
1
2
41
41
47.047 41.041 58.058 44.044 44.044 59.059 56.056 49.049 
48.048 55.055 56.056 45.045 48.048 54.054 65.065 53.053 
47.047 46.046 56.056 50.050 45.045 54.054 42.042 39.039 
41.041 36.036 50.050 41.041 56.056 54.054 42.042 45.045 
51.051 52.052 50.050 49.049 55.055 48.048 60.060 53.053 
56.056 
1842.843 2089.089 2406.406 2725.726 3438.438 4088.088 5040.040 6407.407 
7884.884 9975.976 12504.504 14725.725 17478.479 20481.481 23534.533 27240.239 
31868.868 37975.973 44391.390 51499.498 58856.855 64214.207 65131.131 60953.950 
51452.451 39728.727 28200.200 18711.711 11729.729 7224.224 4840.841 3263.263 
2188.188 1607.608 1282.282 996.997 814.815 629.630 561.562 498.498 
416.416 
