LGT.DCD 
-922747
-20
1
2
41
41
75.075 67.067 77.077 71.071 71.071 69.069 69.069 52.052 
58.058 72.072 61.061 69.069 45.045 56.056 70.070 57.057 
53.053 59.059 63.063 60.060 60.060 63.063 84.084 68.068 
57.057 62.062 66.066 55.055 46.046 46.046 61.061 63.063 
62.062 60.060 74.074 63.063 63.063 58.058 72.072 66.066 
68.068 
6017.017 7568.568 9635.635 12417.417 16522.521 21384.383 28297.295 37515.513 
49059.057 61269.265 73866.864 85909.908 95204.196 101894.893 103177.173 99590.587 
90909.908 81991.985 72157.154 60563.561 47590.589 33686.686 22599.599 14380.380 
9411.411 6416.416 4437.437 3098.098 2406.406 1818.819 1486.486 1191.191 
989.990 813.814 707.708 632.633 601.602 511.511 481.481 398.398 
386.386 
