LGT.DCD 
-922747
-20
1
2
41
41
58.058 65.065 73.073 73.073 73.073 53.053 63.063 70.070 
62.062 56.056 66.066 61.061 67.067 63.063 62.062 72.072 
65.065 64.064 65.065 54.054 60.060 57.057 59.059 46.046 
57.057 62.062 66.066 45.045 59.059 74.074 51.051 68.068 
62.062 61.061 56.056 63.063 54.054 61.061 66.066 60.060 
59.059 
2079.079 2254.254 2608.609 2882.883 3348.348 3781.781 4590.590 5711.712 
7184.184 9096.096 11578.578 15243.242 19483.483 24844.844 32296.294 41586.584 
52232.229 64071.065 75764.759 85166.164 90588.581 90923.923 86736.736 79134.129 
68717.717 57322.320 45228.227 33474.474 24632.632 17165.164 12053.052 8253.253 
5821.821 4010.010 2998.999 2267.267 1798.799 1447.447 1187.187 935.936 
876.877 
