LGT.DCD 
-922747
-20
1
2
41
41
53.053 52.052 52.052 42.042 52.052 47.047 39.039 36.036 
49.049 48.048 55.055 48.048 48.048 49.049 49.049 44.044 
36.036 45.045 58.058 48.048 46.046 43.043 49.049 46.046 
51.051 47.047 48.048 47.047 58.058 53.053 46.046 58.058 
47.047 53.053 46.046 58.058 57.057 48.048 50.050 59.059 
53.053 
1931.932 2199.199 2700.701 3217.217 3787.787 4742.742 5858.859 7463.463 
9568.568 12398.398 15622.622 20061.061 25746.745 32525.523 39416.414 46348.345 
50737.737 52008.005 50447.446 46331.331 40158.155 32899.897 25174.172 18031.030 
12382.382 8232.232 5531.531 3873.874 2634.635 1948.949 1439.439 1151.151 
839.840 740.741 614.615 516.516 422.422 420.420 364.364 295.295 
260.260 
