LGT.DCD 
10563333
-15
1
2
41
41
35.404 42.084 40.080 26.052 32.064 18.036 32.064 40.080 
38.076 36.072 30.060 36.072 32.064 36.072 32.064 36.072 
36.072 22.044 26.052 26.052 34.068 42.084 14.028 24.048 
22.044 46.092 20.040 32.064 36.072 44.088 30.060 38.076 
34.068 32.064 28.056 40.080 24.048 40.080 30.060 24.048 
30.728 
10233.800 11468.937 12547.094 14154.308 15795.591 17236.472 19342.685 21603.206 
23857.714 26078.154 28430.861 31609.217 34064.127 37158.316 40687.372 44867.735 
47977.953 50837.675 53396.791 55999.997 56509.015 56837.674 55831.662 53076.150 
51044.084 47376.753 44138.273 40376.753 37014.025 33420.840 29378.756 26116.231 
22909.819 20661.323 18543.086 16537.074 15194.388 13943.887 12565.130 11525.050 
10609.218 
