LGT.DCD 
10563333
-40
1
2
54
54
30.060 30.060 30.060 36.072 36.072 42.084 22.044 60.120 
28.056 34.068 38.076 28.056 26.052 20.040 36.072 36.072 
54.108 30.060 24.048 16.032 34.068 32.064 20.040 44.088 
18.036 44.088 40.080 44.088 16.032 36.072 30.060 28.056 
32.064 22.044 20.040 32.064 32.064 30.060 32.064 34.068 
36.072 34.068 34.068 30.060 26.052 42.084 28.056 36.072 
38.076 38.076 48.096 28.056 42.084 30.728 
10941.884 12681.363 14533.065 17036.071 19537.074 23200.400 26641.282 30180.359 
33997.996 38182.364 41909.819 45697.393 48172.342 50250.497 50895.788 50833.665 
49979.959 47861.723 45865.728 41993.986 39176.352 35987.974 32484.969 27444.888 
23827.655 19821.643 16378.757 13737.475 11651.302 10066.132 8501.002 7258.517 
6446.893 5563.126 4947.896 4312.625 3841.683 3422.845 2909.819 2683.367 
2410.822 2300.601 2044.088 1767.535 1673.347 1531.062 1254.509 1262.525 
1092.184 981.964 897.796 893.788 849.699 713.427 
