LGT.DCD 
10563333
-20
1
2
41
41
40.080 34.068 22.044 52.104 44.088 38.076 60.120 22.044 
34.068 38.076 28.056 36.072 30.060 32.064 40.080 32.064 
36.072 36.072 34.068 42.084 16.032 18.036 24.048 20.040 
36.072 26.052 32.064 38.076 42.084 30.060 32.064 44.088 
34.068 24.048 28.056 22.044 32.064 52.104 22.044 34.068 
38.076 
1548.430 1693.387 1879.759 2216.433 2362.725 2725.451 3194.389 3595.190 
4016.032 4641.282 5256.513 6174.349 6747.495 7715.430 8683.366 9993.988 
11607.213 13344.689 15396.793 17729.459 20873.746 24679.358 28250.500 31975.951 
36891.783 40557.112 44773.546 46737.474 48072.141 48050.096 46102.201 44450.899 
40436.872 36925.848 33086.172 27979.958 24068.135 20649.297 16320.640 13214.428 
10396.125 
