LGT.DCD 
10563333
-20
1
2
41
41
36.740 36.072 24.048 34.068 36.072 20.040 42.084 20.040 
30.060 36.072 36.072 34.068 22.044 34.068 42.084 34.068 
26.052 34.068 16.032 40.080 38.076 26.052 30.060 42.084 
38.076 22.044 28.056 24.048 32.064 30.060 24.048 26.052 
26.052 20.040 24.048 26.052 32.064 40.080 32.064 18.036 
30.728 
9342.017 10989.979 12981.963 15893.787 18521.041 22092.183 26012.023 29464.928 
33809.618 38402.804 42519.037 45138.273 45547.090 44442.884 41689.379 39234.469 
35134.268 30306.612 27002.003 22709.418 18889.779 16306.613 13478.957 11747.494 
8871.743 7376.753 5977.956 5050.100 4044.088 3340.681 2689.379 2316.633 
1947.896 1677.355 1462.926 1274.549 1164.329 977.956 969.940 825.651 
759.519 
