LGT.DCD 
10563333
-20
1
2
41
41
27.388 32.064 32.064 22.044 40.080 50.100 36.072 40.080 
34.068 36.072 44.088 20.040 28.056 42.084 34.068 32.064 
30.060 24.048 32.064 34.068 24.048 24.048 28.056 20.040 
30.060 26.052 36.072 36.072 30.060 22.044 36.072 26.052 
26.052 20.040 38.076 34.068 38.076 40.080 44.088 22.044 
34.068 
3656.647 4332.665 4751.503 5561.122 6346.693 7262.525 8074.148 9575.150 
10779.559 12525.050 14396.793 16655.309 19861.722 23066.130 26517.033 30533.064 
34753.504 38511.019 42434.866 45611.219 47402.803 48222.444 48573.145 46496.992 
43246.492 39575.148 36484.968 32889.777 28509.017 25322.644 20731.461 17058.116 
13492.985 10957.916 8907.816 7350.701 5715.430 5072.144 4132.264 3635.270 
3088.176 
