LGT.DCD 
10563333
-20
1
2
41
41
26.052 34.068 28.056 22.044 26.052 26.052 42.084 18.036 
32.064 32.064 32.064 32.064 38.076 22.044 26.052 30.060 
38.076 28.056 16.032 30.060 22.044 34.068 30.060 26.052 
36.072 24.048 24.048 32.064 38.076 14.028 38.076 22.044 
38.076 24.048 32.064 34.068 28.056 24.048 36.072 42.084 
26.720 
2574.482 2905.811 3236.473 3723.447 4322.645 4949.899 5549.098 6264.529 
7228.457 8438.878 9601.202 11060.120 12763.526 14559.118 16911.822 20072.143 
23671.342 26973.946 31456.912 36316.633 40474.947 43595.190 46130.258 47839.677 
47511.018 46793.585 44719.438 41883.764 38462.923 34783.564 31166.331 26515.029 
23218.436 19174.348 15501.002 12422.845 9995.991 7939.880 6569.138 5418.837 
4405.477 
