LGT.DCD 
10563333
-20
1
2
41
41
33.400 32.064 34.068 26.052 38.076 32.064 38.076 28.056 
48.096 34.068 32.064 26.052 38.076 16.032 36.072 26.052 
30.060 28.056 30.060 20.040 42.084 24.048 38.076 36.072 
22.044 28.056 30.060 30.060 22.044 28.056 34.068 36.072 
18.036 26.052 30.060 24.048 34.068 36.072 44.088 36.072 
34.736 
1770.875 2004.008 2170.341 2661.322 2929.859 3370.741 3839.679 4074.148 
4931.864 5539.078 6220.441 7094.188 8124.248 8947.896 10458.917 11957.916 
14068.136 16306.613 18951.903 22420.840 25517.033 30244.488 33296.591 37583.166 
41755.510 45154.306 47292.581 47981.962 46825.651 46006.010 42697.393 39344.687 
36056.109 32042.082 28170.340 23374.749 19893.786 16090.179 12641.282 10330.661 
8085.504 
