LGT.DCD 
10563333
-20
1
2
41
41
36.740 32.064 34.068 32.064 30.060 24.048 34.068 40.080 
26.052 32.064 32.064 30.060 22.044 32.064 22.044 30.060 
44.088 34.068 18.036 38.076 32.064 22.044 30.060 24.048 
34.068 18.036 34.068 24.048 32.064 32.064 26.052 34.068 
36.072 20.040 30.060 20.040 22.044 26.052 44.088 28.056 
30.728 
5908.483 6863.727 7927.855 9098.196 10653.306 12286.573 13803.606 16118.236 
19028.054 21687.373 25036.071 29092.183 33156.309 37462.923 41927.854 45284.567 
47919.836 49156.309 48571.142 47759.515 45278.555 42623.243 38613.226 34128.256 
30180.359 26330.661 22364.728 18496.993 15288.576 12659.318 10324.648 8723.446 
6873.747 5761.523 4895.791 4182.365 3356.713 3138.276 2675.351 2228.457 
2084.836 
