LGT.DCD 
10563333
-20
1
2
41
41
36.740 48.096 12.024 36.072 40.080 38.076 30.060 30.060 
26.052 38.076 34.068 24.048 28.056 36.072 42.084 30.060 
24.048 30.060 16.032 28.056 22.044 22.044 28.056 38.076 
28.056 42.084 20.040 36.072 42.084 30.060 26.052 38.076 
22.044 34.068 32.064 42.084 30.060 38.076 26.052 24.048 
38.076 
3414.162 4086.172 4398.797 5178.356 5979.960 7046.092 7887.775 9274.549 
10422.845 12521.041 14024.047 16733.466 19731.462 22865.731 26777.554 30048.094 
34695.391 38442.885 42210.421 45767.534 47703.405 47879.758 48246.492 46707.414 
43128.256 40318.636 36312.624 32296.591 27917.834 24006.011 20464.929 16803.607 
13086.171 10607.213 8338.677 6659.318 5414.829 4396.793 3853.707 3300.601 
2674.015 
