LGT.DCD 
10563333
-20
1
2
41
41
35.404 34.068 28.056 42.084 26.052 36.072 42.084 50.100 
26.052 48.096 40.080 28.056 50.100 48.096 32.064 28.056 
36.072 34.068 22.044 30.060 34.068 26.052 24.048 22.044 
32.064 38.076 20.040 34.068 44.088 44.088 34.068 34.068 
34.068 36.072 36.072 20.040 40.080 36.072 56.112 36.072 
30.060 
3552.438 4236.473 4913.827 5404.809 6440.881 7320.641 8450.902 9903.807 
11336.673 13292.585 15649.298 18148.295 21472.945 25214.427 28597.193 31771.542 
36641.279 40460.920 43795.587 46392.782 48142.282 48517.030 46671.339 44659.315 
41356.710 38102.202 33557.112 29693.385 25553.105 22278.556 18705.409 15240.481 
12352.704 9613.226 7669.338 6078.156 5126.252 4336.673 3535.070 3042.084 
2507.682 
