LGT.DCD 
10563333
-20
1
2
41
41
40.748 44.088 24.048 42.084 38.076 30.060 28.056 28.056 
28.056 28.056 20.040 42.084 50.100 48.096 38.076 34.068 
38.076 40.080 22.044 26.052 24.048 28.056 28.056 46.092 
28.056 22.044 54.108 36.072 28.056 28.056 26.052 26.052 
38.076 22.044 20.040 26.052 30.060 34.068 26.052 42.084 
32.732 
16534.402 19809.619 23563.124 26957.915 31793.585 35803.606 40324.648 43456.911 
45929.857 47727.453 46997.995 45827.654 42733.465 39689.379 35997.996 31779.557 
28260.520 24042.083 19745.490 16278.556 13134.268 10569.138 8509.018 6833.667 
5631.262 4767.535 4200.401 3174.348 2845.691 2565.130 2158.317 1909.820 
1709.419 1464.930 1422.846 1186.373 1118.236 1068.136 913.828 791.583 
752.839 
