LGT.DCD 
10563333
-20
1
2
41
41
32.064 30.060 44.088 32.064 30.060 26.052 34.068 28.056 
42.084 26.052 20.040 18.036 18.036 38.076 30.060 24.048 
30.060 40.080 22.044 32.064 30.060 44.088 36.072 42.084 
26.052 34.068 32.064 28.056 40.080 28.056 26.052 16.032 
40.080 32.064 28.056 26.052 42.084 34.068 28.056 24.048 
29.392 
29261.187 34813.627 39655.310 42905.809 45494.989 47410.818 47444.887 45757.513 
43715.429 40965.929 36977.953 33851.702 29939.879 26122.243 21719.438 18432.864 
14889.778 11653.306 9394.789 7655.310 6230.461 5020.040 4382.765 3645.290 
3104.208 2523.046 2352.705 2080.160 1877.755 1545.090 1402.806 1298.597 
1202.405 1050.100 957.916 941.884 819.639 771.543 725.451 619.238 
543.754 
