LGT.DCD 
10563333
-20
1
2
41
41
39.412 14.028 42.084 26.052 38.076 34.068 32.064 44.088 
70.140 40.080 46.092 42.084 46.092 16.032 30.060 22.044 
32.064 26.052 40.080 46.092 28.056 24.048 22.044 30.060 
28.056 32.064 36.072 38.076 38.076 34.068 44.088 32.064 
34.068 18.036 30.060 44.088 36.072 64.128 46.092 48.096 
25.384 
14983.967 16959.918 18162.324 21310.620 23663.325 25611.222 29054.106 30809.618 
32745.489 35298.594 37198.397 40268.534 44655.309 48815.630 50755.510 54192.384 
56929.856 58466.931 59200.398 59224.446 58374.745 56523.042 55084.165 53402.803 
50979.959 47797.594 44340.681 39236.471 36110.220 32444.888 29681.361 27539.076 
24597.194 22330.661 20857.715 19196.391 18130.260 16386.773 14797.594 14028.055 
12891.783 
