LGT.DCD 
10563333
-15
1
2
41
41
32.064 28.056 30.060 38.076 32.064 26.052 20.040 34.068 
32.064 36.072 28.056 32.064 20.040 28.056 38.076 36.072 
34.068 40.080 42.084 30.060 36.072 46.092 36.072 28.056 
26.052 24.048 24.048 34.068 26.052 34.068 30.060 34.068 
20.040 38.076 38.076 34.068 46.092 26.052 36.072 46.092 
31.396 
7962.591 8969.940 10216.432 11755.511 13098.195 14258.517 16366.733 18100.200 
20519.036 22835.669 24745.490 27406.813 29769.537 32671.339 35833.666 38577.154 
42713.426 46302.602 50571.142 53821.641 55673.345 57094.186 57028.054 55885.770 
54256.509 51312.623 48593.183 44641.279 40887.773 36893.786 32639.277 27921.843 
24739.478 21605.210 18787.574 16507.013 14991.984 13056.112 11665.330 10737.475 
9599.866 
