LGT.DCD 
10563333
-40
1
2
54
54
26.052 22.044 30.060 30.060 40.080 32.064 32.064 34.068 
34.068 30.060 44.088 36.072 42.084 42.084 26.052 20.040 
40.080 44.088 34.068 36.072 48.096 40.080 18.036 46.092 
38.076 24.048 22.044 12.024 32.064 42.084 40.080 46.092 
42.084 36.072 24.048 26.052 24.048 42.084 18.036 58.116 
36.072 42.084 36.072 34.068 34.068 24.048 24.048 30.060 
30.060 28.056 18.036 34.068 22.044 30.060 
4980.628 5551.102 6002.004 6362.725 6464.930 6963.927 7603.206 8987.976 
9671.342 10466.934 11553.106 13042.083 14480.961 16372.745 18220.441 20430.861 
23096.192 24653.306 26863.726 29815.630 33058.115 36593.184 40046.091 43901.800 
47068.136 49993.986 52863.725 54687.372 56048.093 55829.656 55088.174 53290.578 
50969.938 47222.444 42378.755 38679.358 31893.786 28521.041 24735.471 19701.402 
17511.022 16326.652 15196.392 13282.564 11829.659 10849.699 9817.635 9042.083 
8214.429 7881.763 7288.577 6450.902 5751.503 5183.700 
