LGT.DCD 
10563333
-20
1
2
41
41
29.392 30.060 34.068 18.036 22.044 30.060 48.096 28.056 
40.080 24.048 30.060 18.036 30.060 36.072 20.040 38.076 
28.056 30.060 32.064 24.048 26.052 38.076 26.052 32.064 
22.044 38.076 32.064 24.048 40.080 36.072 38.076 28.056 
44.088 22.044 32.064 32.064 26.052 26.052 28.056 22.044 
36.740 
3507.014 4262.525 4773.547 5615.230 6356.713 7264.529 8523.046 9416.833 
10857.715 13178.356 15761.522 18675.349 21122.243 24412.825 27983.967 31989.979 
36252.505 39547.091 43124.246 46084.165 46703.405 45949.899 44220.438 41144.285 
37711.420 34266.531 30354.708 26673.346 22753.507 19637.273 17008.016 14182.364 
11212.425 9454.910 7324.649 5943.887 4953.908 4104.208 3372.745 2957.916 
2352.037 
