LGT.DCD 
10563333
-20
1
2
41
41
25.384 26.052 24.048 24.048 34.068 22.044 34.068 26.052 
28.056 26.052 32.064 24.048 24.048 30.060 28.056 34.068 
18.036 56.112 32.064 34.068 26.052 36.072 38.076 24.048 
24.048 38.076 40.080 38.076 30.060 40.080 30.060 36.072 
22.044 46.092 32.064 14.028 36.072 14.028 20.040 28.056 
26.720 
47126.249 47004.007 45767.534 43571.142 39625.250 36392.782 32843.687 28877.755 
24757.514 20889.779 16611.222 12881.763 10322.645 8394.789 6721.442 5470.942 
4553.106 4178.356 3272.545 2711.423 2408.817 2182.365 1871.743 1669.339 
1464.930 1386.774 1238.477 1168.337 1096.192 1008.016 817.635 795.591 
763.527 659.319 599.198 509.018 549.098 444.890 428.858 422.846 
407.482 
