LGT.DCD 
10563333
-20
1
2
41
41
31.396 24.048 28.056 26.052 36.072 32.064 26.052 26.052 
32.064 24.048 38.076 28.056 34.068 48.096 34.068 34.068 
26.052 32.064 34.068 24.048 34.068 36.072 34.068 42.084 
28.056 26.052 38.076 26.052 28.056 28.056 34.068 42.084 
44.088 26.052 40.080 24.048 28.056 30.060 18.036 44.088 
23.380 
6227.121 7174.348 8216.432 9825.651 11344.689 12727.455 15070.139 17366.733 
20084.167 23743.485 27182.364 31290.579 35759.516 39687.372 43947.893 46749.498 
48316.633 48889.776 48372.743 46194.387 44094.187 39915.831 36959.917 32929.858 
29298.596 26561.122 22046.092 18525.048 14819.639 12328.657 9605.210 8104.208 
6637.274 5543.086 4753.507 4082.164 3406.813 2867.735 2717.435 2342.685 
2036.740 
