LGT.DCD 
10563333
-20
1
2
41
41
35.404 42.084 22.044 14.028 28.056 42.084 50.100 26.052 
38.076 32.064 40.080 28.056 18.036 30.060 22.044 18.036 
28.056 28.056 40.080 20.040 36.072 26.052 36.072 32.064 
20.040 28.056 32.064 52.104 28.056 34.068 28.056 38.076 
42.084 26.052 34.068 34.068 42.084 34.068 26.052 22.044 
23.380 
15166.332 16667.335 18224.448 19166.331 21304.608 23579.158 25637.273 27953.906 
31412.825 35344.687 40663.324 44400.801 46082.163 46895.788 51356.710 54292.581 
56416.829 56881.761 58937.875 59412.824 58533.063 56148.294 53805.608 52316.633 
50252.504 48587.171 45386.770 40104.208 36162.321 32264.529 29631.260 27060.118 
24691.382 22488.976 20503.005 18432.864 16981.963 15751.502 14791.582 13372.745 
12776.886 
