LGT.DCD 
10563333
-20
1
2
41
41
34.736 52.104 46.092 30.060 40.080 28.056 38.076 30.060 
26.052 32.064 34.068 20.040 30.060 28.056 40.080 42.084 
30.060 36.072 50.100 26.052 24.048 28.056 36.072 30.060 
30.060 22.044 14.028 26.052 22.044 20.040 30.060 30.060 
26.052 28.056 36.072 32.064 28.056 32.064 32.064 38.076 
32.064 
8905.143 10749.499 12168.336 14346.692 16653.306 19374.749 23597.194 27248.496 
31517.033 36354.708 40316.633 43747.492 46338.674 47130.258 47154.306 45561.121 
41675.348 39448.896 36226.450 32991.984 29036.070 25693.385 21198.396 17448.897 
14316.633 11438.878 9170.340 7633.266 6168.337 5068.136 4284.569 3426.853 
2969.940 2657.314 2226.453 1943.888 1705.411 1535.070 1392.785 1244.489 
1162.325 
