LGT.DCD 
10563333
-20
1
2
41
41
29.392 42.084 26.052 48.096 32.064 26.052 50.100 28.056 
22.044 34.068 24.048 32.064 26.052 32.064 34.068 34.068 
24.048 24.048 38.076 40.080 48.096 38.076 32.064 52.104 
32.064 22.044 22.044 36.072 46.092 36.072 28.056 30.060 
32.064 32.064 50.100 36.072 34.068 20.040 38.076 32.064 
34.068 
2167.668 2368.737 2569.138 3142.284 3509.018 3923.847 4490.982 5256.513 
6088.176 6715.430 8056.112 9250.500 10773.547 12454.910 14653.306 17112.224 
20076.152 23182.364 26763.526 30144.288 34248.495 38334.669 41613.226 45278.555 
47266.531 47741.480 46933.866 44825.651 42014.025 38300.600 33989.977 30579.157 
26150.300 22278.556 19535.069 16010.019 12855.710 10416.833 8200.400 6478.958 
5400.133 
