LGT.DCD 
10563333
-20
1
2
41
41
32.732 36.072 46.092 24.048 36.072 22.044 30.060 54.108 
24.048 26.052 30.060 46.092 42.084 26.052 26.052 34.068 
26.052 30.060 30.060 26.052 36.072 36.072 34.068 28.056 
22.044 38.076 30.060 36.072 30.060 40.080 30.060 36.072 
32.064 44.088 48.096 38.076 20.040 26.052 30.060 32.064 
29.392 
27308.615 32006.010 36951.903 40957.914 44503.004 45831.663 47392.782 46472.944 
44901.800 42122.244 38380.758 34815.630 30801.602 26697.394 22595.189 17943.887 
14735.470 12258.517 10100.200 7731.463 6374.749 5182.365 4414.830 3543.086 
2941.884 2507.014 2122.244 1979.960 1799.599 1490.982 1210.421 1154.309 
1026.052 921.844 865.731 841.683 705.411 721.443 589.178 617.234 
556.446 
