LGT.DCD 
10563333
-15
1
2
41
41
35.404 20.040 32.064 22.044 18.036 28.056 36.072 30.060 
34.068 28.056 28.056 40.080 28.056 28.056 32.064 48.096 
28.056 38.076 24.048 24.048 34.068 28.056 48.096 24.048 
30.060 46.092 18.036 42.084 44.088 14.028 32.064 44.088 
28.056 32.064 32.064 30.060 24.048 32.064 50.100 22.044 
36.740 
10434.869 11679.358 13052.103 15114.228 16553.106 18498.998 20014.028 22332.663 
25296.592 27108.216 30014.027 32503.004 35811.621 38693.384 42807.611 45845.690 
49551.099 52330.659 54915.830 56721.440 57076.150 56434.865 54811.620 52368.734 
49312.624 46132.261 42386.770 38054.106 35134.268 30803.606 26941.882 23911.822 
21507.012 19344.689 17200.400 15625.250 14068.136 12871.743 11507.014 10262.524 
9517.034 
