LGT.DCD 
10563333
-20
1
2
41
41
30.060 30.060 40.080 28.056 30.060 16.032 46.092 20.040 
28.056 28.056 18.036 42.084 28.056 60.120 20.040 40.080 
36.072 18.036 20.040 20.040 38.076 38.076 30.060 28.056 
38.076 34.068 32.064 36.072 32.064 28.056 14.028 20.040 
18.036 20.040 40.080 46.092 32.064 28.056 46.092 30.060 
31.396 
2730.127 3050.100 3711.423 4164.328 4721.442 5513.026 6310.621 7344.689 
8697.394 9687.375 11178.357 13416.833 15292.585 18386.773 21324.649 24919.839 
27651.301 31577.153 35913.824 40022.043 43971.941 46324.648 47362.722 46821.642 
45430.860 42907.812 39424.849 35577.154 32262.522 27737.473 23683.366 20252.503 
16855.710 13611.222 11040.080 8747.494 6847.695 5727.455 4765.531 3841.683 
3105.544 
