LGT.DCD 
10563333
-20
1
2
41
41
28.724 34.068 24.048 40.080 16.032 24.048 42.084 30.060 
32.064 24.048 28.056 32.064 32.064 24.048 18.036 28.056 
34.068 34.068 38.076 36.072 30.060 48.096 22.044 30.060 
42.084 26.052 18.036 38.076 30.060 30.060 46.092 30.060 
44.088 30.060 28.056 42.084 20.040 30.060 36.072 16.032 
32.064 
24293.252 28981.963 33541.079 37665.327 42202.402 44929.857 46873.747 47729.456 
46230.459 44494.989 41779.558 37741.480 34014.025 30378.756 26699.397 22969.939 
19172.343 15995.991 12767.535 10088.176 8126.252 6755.510 5531.062 4519.038 
3943.888 3190.381 2881.763 2428.858 2086.172 1863.727 1667.335 1553.106 
1364.729 1178.357 1014.028 937.876 1010.020 803.607 739.479 715.431 
643.955 
