LGT.DCD 
10563333
-20
1
2
41
41
24.048 18.036 38.076 32.064 30.060 28.056 40.080 30.060 
46.092 18.036 30.060 30.060 28.056 22.044 34.068 30.060 
40.080 40.080 32.064 26.052 40.080 32.064 26.052 24.048 
22.044 22.044 44.088 34.068 34.068 24.048 34.068 38.076 
50.100 30.060 38.076 26.052 30.060 32.064 26.052 32.064 
30.060 
2942.552 3432.865 3885.771 4525.050 5200.401 5907.815 6709.418 7643.286 
8913.827 10280.561 12206.413 14535.070 16765.531 19939.879 23120.240 26080.159 
30324.648 34080.160 37967.936 42274.546 44925.848 46817.632 47312.624 45763.525 
43142.282 40446.894 36358.717 32559.115 28372.744 24987.975 20907.815 17847.695 
14993.987 12250.500 9687.375 7767.535 6440.881 5372.745 4016.032 3444.890 
2994.656 
