LGT.DCD 
10563333
-15
1
2
41
41
24.716 32.064 38.076 26.052 42.084 32.064 36.072 48.096 
26.052 32.064 18.036 58.116 28.056 34.068 24.048 32.064 
24.048 26.052 40.080 38.076 22.044 28.056 20.040 34.068 
38.076 18.036 20.040 28.056 34.068 32.064 36.072 34.068 
26.052 22.044 28.056 32.064 28.056 32.064 38.076 32.064 
30.060 
10429.525 11751.502 13136.272 14070.139 15735.470 17210.420 19280.561 21040.080 
23659.318 26206.412 28697.394 31565.129 33981.962 37240.481 40887.773 44791.582 
48549.097 51613.225 54418.836 55831.662 56651.300 55809.617 54817.632 53727.453 
50515.028 47276.552 43531.061 40775.549 36679.358 32857.714 28861.722 25577.153 
22765.530 20705.409 18541.082 16885.770 15084.168 13703.407 12915.831 11350.701 
10251.169 
