LGT.DCD 
10563333
-20
1
2
41
41
24.716 22.044 20.040 32.064 32.064 32.064 36.072 38.076 
22.044 16.032 36.072 38.076 38.076 36.072 28.056 40.080 
30.060 30.060 22.044 30.060 40.080 38.076 32.064 26.052 
50.100 26.052 26.052 34.068 26.052 28.056 36.072 22.044 
20.040 30.060 30.060 30.060 32.064 20.040 38.076 22.044 
34.068 
1567.134 1725.451 1819.639 2116.232 2517.034 2813.627 3106.212 3414.830 
3919.839 4456.914 5286.573 5943.887 6819.639 7833.667 8757.515 10226.452 
11338.677 13022.044 15238.476 18026.052 20845.691 24490.981 28316.632 31703.406 
36517.031 40671.339 44454.908 46144.285 47873.747 47893.785 46625.250 43751.501 
40390.779 36414.828 32559.115 29062.123 24661.322 20739.478 16911.822 13529.058 
10894.455 
