LGT.DCD 
10563333
-20
1
2
41
41
30.728 34.068 36.072 44.088 40.080 36.072 36.072 44.088 
38.076 38.076 28.056 34.068 32.064 26.052 22.044 18.036 
34.068 24.048 26.052 34.068 32.064 20.040 40.080 28.056 
26.052 18.036 26.052 22.044 28.056 46.092 56.112 50.100 
30.060 32.064 28.056 20.040 46.092 48.096 44.088 32.064 
33.400 
5454.910 6182.365 7196.393 8194.388 9452.905 10959.919 12492.985 14220.440 
17110.219 19625.249 22765.530 26200.400 30527.052 34701.403 39539.076 44114.225 
46296.591 47715.429 48723.444 48032.060 46070.139 43625.250 40494.989 36501.002 
33130.259 28891.781 25420.840 21442.885 17999.999 14236.472 11527.053 9507.014 
7771.543 6274.549 5486.974 4402.806 3849.699 3200.401 2741.483 2472.946 
2169.673 
