LGT.DCD 
10563333
-20
1
2
41
41
21.376 38.076 22.044 32.064 52.104 28.056 36.072 22.044 
20.040 32.064 22.044 32.064 44.088 30.060 30.060 24.048 
32.064 34.068 28.056 26.052 32.064 12.024 42.084 34.068 
24.048 18.036 26.052 32.064 30.060 32.064 28.056 24.048 
32.064 20.040 34.068 24.048 24.048 30.060 24.048 36.072 
28.724 
9424.849 11134.268 12721.443 15492.985 18390.781 21501.000 24837.674 28324.648 
31835.669 36440.882 40144.285 43705.408 45404.806 45452.905 44597.193 41458.918 
37086.172 32993.986 29498.997 25755.509 22084.166 18362.725 15907.815 13693.386 
11096.192 9262.524 7603.206 6078.156 5116.232 4166.333 3545.090 2877.755 
2372.745 2030.060 1787.575 1545.090 1326.653 1132.264 1006.012 1032.064 
853.039 
