LGT.DCD 
10563333
-20
1
2
41
41
41.416 34.068 40.080 22.044 28.056 24.048 28.056 24.048 
28.056 20.040 42.084 34.068 48.096 34.068 24.048 24.048 
34.068 34.068 44.088 24.048 28.056 46.092 44.088 26.052 
28.056 26.052 44.088 34.068 24.048 32.064 30.060 30.060 
44.088 36.072 36.072 44.088 28.056 12.024 36.072 36.072 
32.732 
4171.008 4743.487 5583.166 6553.106 7352.705 8525.050 9745.491 10843.687 
12873.747 15278.556 17747.495 20699.397 23709.418 27278.556 31316.632 34889.776 
39348.696 42935.869 46266.531 47927.854 48472.944 48222.444 46360.719 43743.486 
40022.043 36276.552 32318.636 28777.554 24601.201 21032.063 16945.892 13633.266 
11004.008 8795.591 6935.871 5965.932 4797.595 3967.936 3186.373 2823.647 
2445.558 
