LGT.DCD 
10563333
-20
1
2
41
41
35.404 30.060 40.080 40.080 28.056 32.064 32.064 42.084 
36.072 52.104 28.056 30.060 38.076 32.064 52.104 30.060 
16.032 44.088 44.088 22.044 30.060 32.064 16.032 26.052 
28.056 26.052 24.048 48.096 26.052 52.104 32.064 32.064 
42.084 24.048 22.044 30.060 44.088 40.080 36.072 30.060 
36.072 
3769.539 4170.340 4515.030 5266.533 6036.072 6805.611 7665.331 8635.270 
9689.378 10789.579 12342.685 13975.951 15378.757 17226.453 19088.176 21643.285 
23807.614 26456.912 28945.891 32537.073 35873.747 38709.417 43128.256 46597.192 
49647.291 53621.240 54915.830 56316.632 56078.153 54983.964 52412.824 49156.309 
46190.378 42134.268 38613.226 34655.310 30484.969 26691.382 23597.194 20152.303 
17837.007 
