LGT.DCD 
10563333
-15
1
2
41
41
39.412 40.080 34.068 22.044 42.084 26.052 30.060 26.052 
32.064 48.096 36.072 34.068 32.064 38.076 44.088 38.076 
52.104 32.064 34.068 28.056 40.080 28.056 30.060 28.056 
40.080 36.072 36.072 26.052 20.040 26.052 28.056 26.052 
24.048 26.052 20.040 40.080 28.056 32.064 36.072 30.060 
26.720 
8768.202 10250.500 11402.805 13136.272 14537.073 16314.628 18190.379 20088.176 
22717.433 24446.893 26577.153 29937.874 32885.771 35380.759 38222.445 42098.196 
46340.681 50913.824 53627.252 55695.390 56895.787 57280.557 55605.207 54635.267 
51749.498 49440.881 46262.521 42727.453 39084.166 35038.073 31054.106 26957.915 
23344.689 20555.110 18374.749 16204.408 14813.627 13328.657 11871.743 10957.916 
9786.238 
