LGT.DCD 
10563333
-40
1
2
54
54
26.720 38.076 36.072 48.096 32.064 34.068 28.056 40.080 
32.064 28.056 18.036 28.056 32.064 32.064 46.092 30.060 
18.036 34.068 24.048 46.092 44.088 28.056 36.072 18.036 
18.036 54.108 26.052 46.092 40.080 36.072 24.048 26.052 
30.060 34.068 32.064 26.052 14.028 26.052 26.052 38.076 
26.052 18.036 46.092 20.040 22.044 40.080 38.076 14.028 
48.096 28.056 34.068 38.076 30.060 38.744 
10177.021 11837.675 13466.934 16280.561 18745.490 21412.826 25008.015 28422.844 
32270.541 35977.953 40034.067 43859.716 46679.357 49212.423 49919.836 49821.641 
49180.357 47350.698 44513.025 41787.573 38354.708 34643.286 30456.912 27088.175 
22579.158 18995.992 15559.118 13052.103 10667.334 9126.252 7751.503 6270.541 
5669.338 4847.695 4268.537 3749.499 3154.308 3010.020 2591.182 2254.509 
1981.964 1941.884 1697.395 1488.978 1344.689 1210.421 1110.220 1068.136 
1016.032 849.699 819.639 719.439 735.471 635.271 
