LGT.DCD 
10563333
-20
1
2
41
41
34.736 36.072 16.032 16.032 30.060 24.048 24.048 14.028 
28.056 46.092 36.072 26.052 30.060 30.060 28.056 36.072 
16.032 52.104 32.064 36.072 18.036 32.064 26.052 24.048 
24.048 28.056 32.064 32.064 22.044 36.072 26.052 16.032 
42.084 28.056 40.080 36.072 36.072 40.080 46.092 26.052 
30.060 
7338.677 8863.727 10336.673 12114.228 14645.290 16801.603 19320.640 24104.207 
27527.053 31270.539 35368.735 39222.445 41871.740 43517.031 43509.016 41068.136 
37797.594 33973.948 30328.656 26284.568 22587.172 19521.041 15787.574 13052.103 
10787.574 8823.647 7266.533 5915.831 4935.871 3965.932 3038.076 2603.206 
2132.265 1879.759 1793.587 1424.850 1264.529 1064.128 971.944 947.896 
861.723 
