LGT.DCD 
10563333
-20
1
2
41
41
19.372 36.072 30.060 28.056 46.092 38.076 50.100 46.092 
30.060 28.056 26.052 30.060 38.076 32.064 38.076 44.088 
40.080 32.064 34.068 24.048 20.040 34.068 32.064 26.052 
46.092 34.068 36.072 30.060 40.080 24.048 34.068 44.088 
30.060 30.060 18.036 32.064 40.080 38.076 30.060 46.092 
33.400 
5461.590 6354.709 7144.288 8366.733 9460.922 11194.388 12813.627 15024.047 
17192.384 19911.822 23743.485 27663.325 31997.994 35699.396 39585.169 44004.007 
46448.896 48160.318 48733.465 48486.971 45977.953 42126.249 39308.615 36150.297 
31164.328 27919.839 24186.372 19861.722 16631.261 13599.198 10781.562 8807.615 
7220.441 5925.852 5056.112 4236.473 3669.339 3066.132 2699.399 2474.950 
2031.396 
