LGT.DCD 
10563333
-20
1
2
41
41
40.748 32.064 30.060 30.060 28.056 30.060 40.080 46.092 
46.092 24.048 40.080 24.048 54.108 30.060 38.076 34.068 
30.060 32.064 32.064 38.076 24.048 34.068 28.056 36.072 
40.080 36.072 26.052 28.056 42.084 14.028 34.068 36.072 
42.084 30.060 52.104 24.048 26.052 42.084 32.064 40.080 
29.392 
2442.218 2697.395 3158.316 3639.278 3907.816 4711.423 5238.477 5995.992 
6853.707 8140.280 9182.364 10901.803 12434.869 14553.106 16889.779 19971.944 
22498.998 26202.403 29887.774 33759.516 38098.196 41671.339 44657.312 46436.872 
47292.581 46388.776 44004.007 41086.172 37815.630 33178.355 29428.856 25965.930 
22348.697 19368.737 15819.638 12791.582 10124.248 8314.629 6739.479 5270.541 
4389.446 
