LGT.DCD 
10563333
-40
1
2
54
54
28.724 32.064 30.060 30.060 28.056 38.076 50.100 24.048 
30.060 34.068 32.064 30.060 32.064 20.040 32.064 42.084 
20.040 32.064 28.056 36.072 38.076 32.064 44.088 24.048 
40.080 36.072 28.056 34.068 30.060 42.084 38.076 30.060 
24.048 34.068 38.076 44.088 28.056 46.092 32.064 22.044 
8.016 32.064 32.064 48.096 38.076 26.052 32.064 30.060 
56.112 18.036 34.068 36.072 32.064 34.068 
3767.535 3923.847 4182.365 4531.062 5018.036 5709.419 6116.232 6665.331 
7709.418 8332.665 8777.555 9877.755 10436.873 11488.978 12080.160 13410.821 
14781.562 16330.661 18458.917 21168.336 23440.881 26308.615 29575.148 32531.062 
36204.409 39757.513 42933.866 46146.291 49785.570 52881.761 54470.941 56060.117 
56362.722 55222.444 52545.087 50803.606 48280.557 44843.687 42629.255 37953.905 
32789.576 26767.533 23406.813 20875.751 18474.950 16581.161 14492.985 13442.885 
11959.919 10557.114 9507.014 8617.234 7482.966 6943.887 
