LGT.DCD 
10563333
-20
1
2
41
41
30.728 40.080 20.040 36.072 38.076 28.056 28.056 48.096 
42.084 32.064 32.064 32.064 38.076 18.036 42.084 32.064 
48.096 34.068 50.100 28.056 34.068 30.060 32.064 26.052 
28.056 26.052 22.044 32.064 28.056 40.080 20.040 50.100 
22.044 42.084 34.068 22.044 28.056 30.060 18.036 34.068 
31.396 
19840.346 21515.029 23777.554 25354.708 28450.900 31008.015 34086.172 36496.992 
40028.055 43182.363 47032.060 50987.974 54006.009 55773.545 57078.153 58198.396 
58170.339 57625.249 56224.446 53817.632 51328.657 49482.965 46561.121 43368.734 
38849.699 35879.759 32344.687 29056.111 26625.249 24625.249 22739.478 20436.873 
19134.267 17278.556 15699.398 14340.680 13036.071 12390.781 11422.845 10749.499 
9340.013 
