LGT.DCD 
10563333
-40
1
2
54
54
24.048 38.076 38.076 38.076 26.052 44.088 26.052 32.064 
36.072 26.052 22.044 46.092 24.048 26.052 38.076 26.052 
30.060 26.052 30.060 44.088 42.084 34.068 24.048 32.064 
30.060 22.044 34.068 32.064 28.056 36.072 28.056 26.052 
24.048 34.068 30.060 34.068 34.068 42.084 14.028 34.068 
30.060 20.040 30.060 32.064 34.068 36.072 34.068 36.072 
24.048 32.064 36.072 28.056 26.052 26.052 
4722.111 4883.767 5336.673 5681.362 6240.481 6733.467 7583.166 8050.100 
8957.916 9875.751 10691.382 11547.094 13060.120 14853.707 16066.131 17212.424 
18997.994 21464.929 23665.330 25450.900 27635.270 29957.915 32779.559 37707.415 
42406.813 46180.357 49757.513 53468.934 55637.273 56390.779 56096.189 55446.893 
53280.557 49659.315 47166.330 44324.648 40803.606 36533.064 31853.707 27661.322 
24246.491 20637.273 18727.454 17022.042 15068.135 13172.345 11601.201 10478.958 
8895.792 8136.272 7651.302 6961.924 6288.577 5733.467 
