LGT.DCD 
10563333
-20
1
2
41
41
33.400 20.040 34.068 26.052 28.056 34.068 32.064 38.076 
26.052 20.040 26.052 38.076 36.072 38.076 38.076 38.076 
40.080 28.056 36.072 30.060 32.064 24.048 36.072 36.072 
40.080 34.068 34.068 30.060 24.048 26.052 30.060 32.064 
36.072 34.068 30.060 28.056 36.072 38.076 32.064 20.040 
30.728 
4559.118 5304.609 5947.896 6981.964 8080.160 9286.573 10717.434 12310.621 
14360.721 16759.519 19174.348 22631.261 25747.494 29240.479 33202.402 38022.043 
41490.980 45190.378 47390.779 49094.186 48711.420 47376.753 44799.597 42474.947 
38104.208 34759.516 30418.837 26915.831 23302.604 19745.490 15721.442 12715.431 
9841.683 7767.535 6256.513 5194.389 4234.469 3627.254 2973.948 2757.515 
2267.869 
