LGT.DCD 
10563333
-20
1
2
41
41
31.396 32.064 34.068 32.064 28.056 28.056 30.060 40.080 
22.044 30.060 32.064 32.064 32.064 32.064 32.064 26.052 
40.080 28.056 30.060 38.076 30.060 26.052 28.056 24.048 
32.064 38.076 26.052 16.032 22.044 42.084 40.080 20.040 
36.072 42.084 40.080 42.084 30.060 40.080 24.048 36.072 
28.724 
2476.286 2917.836 3366.733 3945.892 4480.962 5090.180 5667.334 6799.599 
7671.342 8893.787 10276.553 12170.340 14224.448 16044.088 18839.679 21913.827 
25671.342 28779.557 32741.480 36909.819 41022.043 44775.549 47024.046 47959.917 
47026.048 45406.812 42767.534 39482.966 35330.660 31557.112 27693.385 23941.882 
20362.725 17124.248 14196.392 11172.345 8855.711 7394.789 5897.795 4871.743 
4088.176 
