LGT.DCD 
10563333
-20
1
2
41
41
34.736 26.052 24.048 32.064 34.068 38.076 46.092 40.080 
30.060 28.056 40.080 40.080 24.048 40.080 34.068 28.056 
28.056 38.076 28.056 18.036 30.060 24.048 28.056 16.032 
24.048 46.092 30.060 30.060 24.048 38.076 28.056 26.052 
28.056 22.044 38.076 26.052 36.072 28.056 30.060 20.040 
34.068 
41368.067 44404.806 46482.965 47380.758 47224.447 44250.498 42350.698 38919.836 
34789.576 31038.075 27342.684 23531.060 19008.016 15639.278 12438.877 9977.955 
7923.847 6831.663 5452.905 4577.154 3743.487 3190.381 2819.639 2537.074 
2122.244 1917.836 1619.238 1454.910 1440.882 1200.401 1122.244 1056.112 
867.735 809.619 751.503 723.447 655.311 579.158 583.166 529.058 
472.946 
