LGT.DCD 
10563332
-20
1
2
41
41
25.384 14.028 22.044 10.020 16.032 28.056 22.044 28.056 
22.044 26.052 18.036 12.024 18.036 22.044 26.052 22.044 
24.048 26.052 24.048 18.036 16.032 16.032 22.044 16.032 
18.036 6.012 18.036 32.064 10.020 30.060 20.040 38.076 
22.044 20.040 22.044 16.032 24.048 20.040 26.052 22.044 
22.712 
4007.348 5032.064 6168.337 7150.300 8090.180 9008.015 10232.464 11527.053 
12905.811 14330.661 16981.963 18513.024 20991.982 22775.550 25573.146 29072.142 
32657.313 35388.777 38448.896 42220.438 45655.309 48683.363 50901.800 53849.698 
56306.611 57498.994 57827.653 55350.698 51304.605 45428.854 38116.232 29170.340 
23402.804 19468.938 15024.047 10895.791 9328.657 7480.961 6593.186 5649.298 
4319.973 
