LGT.DCD 
10563333
-20
1
2
41
41
38.076 32.064 40.080 48.096 28.056 48.096 20.040 48.096 
36.072 30.060 40.080 38.076 34.068 48.096 42.084 24.048 
40.080 26.052 32.064 28.056 26.052 16.032 34.068 36.072 
24.048 40.080 22.044 28.056 36.072 34.068 40.080 34.068 
34.068 38.076 30.060 36.072 46.092 30.060 30.060 32.064 
37.408 
2291.249 2513.026 2941.884 3394.790 3763.527 4282.565 5012.024 5661.322 
6460.921 7531.062 8883.767 10142.284 11589.178 13775.550 15943.887 18661.323 
21575.149 25092.183 28513.024 32316.634 37016.031 40549.097 44088.175 46799.596 
47515.028 47314.626 45164.327 43030.058 39649.298 35334.669 31719.437 27172.343 
23346.692 20250.501 17092.183 13799.599 11384.769 8983.967 6921.843 5767.535 
4649.966 
