LGT.DCD 
10563333
-20
1
2
41
41
32.732 36.072 30.060 28.056 38.076 24.048 42.084 24.048 
34.068 34.068 36.072 34.068 34.068 30.060 42.084 32.064 
22.044 44.088 40.080 24.048 36.072 36.072 34.068 30.060 
16.032 32.064 32.064 30.060 32.064 22.044 54.108 18.036 
26.052 34.068 30.060 26.052 32.064 34.068 26.052 32.064 
32.732 
1649.967 1903.808 2054.108 2426.854 2681.363 3194.389 3599.198 4160.321 
4667.334 5082.164 5893.787 6657.314 7464.930 8523.046 9434.869 11084.168 
12701.402 14677.354 17204.408 19939.879 23705.409 26741.482 30142.283 34963.927 
39751.501 43138.273 45885.771 47641.279 48082.162 46963.926 45549.097 42400.801 
38206.411 34414.828 30458.916 26140.279 21915.831 18236.472 14464.929 12030.059 
9698.730 
