LGT.DCD 
10563333
-20
1
2
41
41
38.744 40.080 26.052 22.044 26.052 34.068 36.072 46.092 
42.084 18.036 32.064 42.084 36.072 32.064 24.048 42.084 
36.072 40.080 24.048 24.048 34.068 38.076 28.056 36.072 
26.052 22.044 44.088 38.076 26.052 46.092 28.056 24.048 
40.080 36.072 28.056 30.060 44.088 24.048 34.068 26.052 
23.380 
4680.026 5527.054 6292.585 7058.116 7949.899 9352.705 10693.387 12206.413 
14084.168 16547.094 19050.099 22102.204 26216.431 30334.668 34290.579 38693.384 
42414.827 45609.216 47829.656 48605.207 47907.812 46685.369 43911.821 40260.519 
36825.651 32665.327 29392.785 26116.231 22034.068 17765.531 14372.745 11607.213 
9418.837 7587.174 6126.252 5218.436 4340.681 3587.174 3130.260 2831.663 
2408.817 
