LGT.DCD 
10563333
-20
1
2
41
41
26.720 30.060 32.064 32.064 32.064 42.084 30.060 40.080 
44.088 40.080 34.068 18.036 38.076 38.076 32.064 34.068 
28.056 26.052 36.072 26.052 28.056 28.056 24.048 22.044 
20.040 18.036 28.056 44.088 24.048 24.048 42.084 46.092 
28.056 44.088 28.056 34.068 32.064 22.044 32.064 18.036 
31.396 
17728.122 19559.117 21392.785 23124.247 25452.904 27749.497 30763.525 33382.765 
36629.255 40663.324 44847.692 49627.252 53068.136 55577.153 56965.928 58454.908 
58707.414 57607.213 57282.563 55228.456 53142.282 50412.824 46048.094 42344.686 
38653.303 35751.501 32470.942 29170.340 26701.401 23687.373 21006.011 19819.638 
18266.532 16713.426 15352.704 14198.396 13040.079 11923.848 10955.911 9621.242 
9412.158 
