LGT.DCD 
10563333
-20
1
2
41
41
38.744 20.040 22.044 34.068 18.036 40.080 38.076 38.076 
32.064 32.064 26.052 26.052 36.072 28.056 54.108 40.080 
34.068 40.080 32.064 32.064 42.084 14.028 28.056 26.052 
32.064 36.072 34.068 34.068 36.072 42.084 36.072 26.052 
34.068 32.064 22.044 30.060 36.072 34.068 44.088 32.064 
26.720 
2841.683 3344.689 3709.419 4296.593 4929.859 5651.303 6438.877 7366.733 
8595.190 9631.262 10899.799 12659.318 14873.747 17569.137 19879.758 23172.343 
27226.452 31763.525 35621.241 39318.636 43597.193 46004.007 47935.869 47496.992 
47090.177 45665.327 42877.752 39198.397 35122.244 31915.831 27817.633 23513.024 
19597.194 16122.243 12527.053 10266.532 8655.310 6971.944 5703.407 4651.303 
3849.699 
