LGT.DCD 
10563333
-20
1
2
41
41
33.400 22.044 50.100 40.080 32.064 12.024 30.060 26.052 
36.072 40.080 50.100 36.072 28.056 28.056 30.060 28.056 
16.032 26.052 24.048 54.108 40.080 34.068 24.048 28.056 
44.088 32.064 32.064 26.052 24.048 20.040 30.060 28.056 
32.064 22.044 28.056 32.064 44.088 24.048 28.056 26.052 
30.060 
1943.888 2266.533 2466.934 2985.972 3320.641 3575.150 4136.272 4801.603 
5527.054 6210.420 7188.377 8324.648 9687.375 10637.274 12597.194 14527.053 
16422.845 19448.897 22158.317 26278.556 30330.660 34725.451 39080.160 42507.013 
45563.123 47166.330 47901.800 47230.459 45527.052 42761.522 39517.031 34949.900 
30302.603 27050.099 22659.318 18611.222 14777.555 11837.675 9414.829 7436.874 
6205.076 
