LGT.DCD 
10563333
-20
1
2
41
41
32.732 40.080 30.060 32.064 32.064 26.052 30.060 42.084 
42.084 36.072 22.044 42.084 48.096 36.072 26.052 46.092 
32.064 34.068 26.052 50.100 38.076 24.048 14.028 34.068 
36.072 50.100 28.056 32.064 20.040 32.064 40.080 20.040 
30.060 28.056 28.056 32.064 28.056 56.112 22.044 36.072 
36.740 
4257.181 4845.691 5855.711 6657.314 7709.418 8653.307 9971.943 11214.428 
13448.897 15222.444 17659.318 20653.306 24182.364 28162.324 32174.345 36486.971 
40314.627 43961.923 46238.474 47955.911 48266.531 47436.872 45625.250 42434.866 
38615.229 34949.900 30979.958 27585.169 23208.415 19629.258 15959.919 12877.755 
10110.220 8322.645 7038.076 5591.182 4619.238 3907.816 3288.577 2919.839 
2484.302 
