LGT.DCD 
10563333
-40
1
2
54
54
31.396 32.064 34.068 34.068 34.068 38.076 22.044 26.052 
40.080 40.080 38.076 28.056 40.080 18.036 28.056 44.088 
30.060 40.080 18.036 44.088 26.052 32.064 36.072 30.060 
26.052 16.032 34.068 34.068 30.060 22.044 20.040 30.060 
42.084 44.088 32.064 36.072 28.056 42.084 18.036 28.056 
20.040 34.068 34.068 42.084 32.064 38.076 30.060 26.052 
52.104 28.056 28.056 14.028 24.048 23.380 
5225.116 5965.932 6893.787 8248.497 9142.284 10667.334 12414.829 13941.883 
16601.201 19599.198 23056.111 25833.667 30416.832 34160.319 38731.463 43138.273 
46577.154 50294.588 50979.959 51671.338 49871.740 46799.596 43703.405 40525.049 
36426.851 32044.085 28671.341 24513.024 20118.236 16392.785 13953.907 12440.881 
10320.641 8741.482 7316.633 6551.102 5659.318 5084.168 4102.204 3805.611 
3412.825 2883.767 2739.479 2525.050 2164.328 1875.751 1939.880 1507.014 
1328.657 1282.565 1186.373 1012.024 957.916 890.448 
