LGT.DCD 
10563333
-20
1
2
41
41
33.400 32.064 20.040 38.076 36.072 26.052 14.028 40.080 
36.072 28.056 14.028 50.100 26.052 18.036 34.068 38.076 
22.044 34.068 24.048 40.080 34.068 34.068 20.040 54.108 
30.060 28.056 32.064 20.040 26.052 20.040 38.076 30.060 
30.060 38.076 38.076 30.060 36.072 24.048 36.072 44.088 
35.404 
17474.280 20509.017 24232.465 28258.515 32865.729 36947.893 41176.351 44603.205 
46605.207 47146.291 47020.036 45446.893 42619.238 39837.675 35727.453 31579.157 
28134.266 23879.758 19981.963 15919.839 13062.124 10340.681 8547.094 6953.908 
5472.945 4476.954 3841.683 3238.477 2809.619 2420.842 2154.308 1875.751 
1649.298 1488.978 1288.577 1196.393 1076.152 1048.096 907.816 841.683 
812.291 
