LGT.DCD 
10563333
-20
1
2
41
41
31.396 32.064 34.068 24.048 42.084 20.040 40.080 32.064 
34.068 16.032 36.072 34.068 30.060 44.088 28.056 36.072 
14.028 28.056 26.052 30.060 38.076 36.072 26.052 40.080 
28.056 24.048 26.052 30.060 38.076 44.088 26.052 22.044 
24.048 12.024 38.076 30.060 32.064 36.072 44.088 24.048 
25.384 
39246.492 43545.088 46396.791 47200.399 47240.480 45342.684 41881.761 39446.894 
36316.633 32162.321 27098.195 22761.521 19112.224 15342.685 12490.981 10128.256 
8266.533 6527.054 5420.841 4392.785 3743.487 3098.196 2663.327 2346.693 
2092.184 1823.647 1623.246 1430.862 1296.593 1138.277 1086.172 947.896 
835.671 709.419 729.459 703.407 607.214 651.303 539.078 545.090 
461.590 
