LGT.DCD 
10563333
-20
1
2
41
41
36.072 32.064 22.044 32.064 26.052 42.084 32.064 28.056 
24.048 32.064 40.080 24.048 42.084 20.040 32.064 34.068 
30.060 32.064 26.052 24.048 32.064 20.040 40.080 36.072 
34.068 34.068 40.080 18.036 48.096 32.064 26.052 40.080 
36.072 34.068 34.068 36.072 28.056 28.056 20.040 36.072 
36.740 
2607.214 3080.160 3617.234 3893.787 4521.042 5260.521 5973.948 6839.679 
7989.979 9026.052 10342.685 12244.488 14138.275 16480.962 19240.480 22509.017 
25817.633 29509.017 34034.067 37569.136 42098.196 45563.123 47468.935 48907.812 
48172.342 46414.827 44344.686 40262.522 36833.666 33186.369 28358.716 24647.294 
20857.715 16899.799 13625.250 11104.207 8603.206 7010.020 5621.242 4503.006 
3708.083 
