LGT.DCD 
10563333
-20
1
2
41
41
29.392 18.036 32.064 42.084 54.108 18.036 30.060 28.056 
22.044 28.056 24.048 34.068 28.056 30.060 46.092 22.044 
40.080 26.052 38.076 28.056 36.072 18.036 12.024 30.060 
38.076 28.056 32.064 36.072 38.076 40.080 40.080 24.048 
36.072 30.060 30.060 30.060 36.072 30.060 30.060 22.044 
30.728 
2775.551 3200.401 3635.270 4046.092 4739.479 5685.371 6486.973 7162.324 
8336.673 9579.158 11236.473 13120.240 15416.833 18318.637 21084.166 24863.726 
28368.737 31849.698 35871.741 40256.510 43390.779 46458.917 47148.294 46577.154 
44370.741 41336.672 37466.932 33885.771 29488.976 26052.104 22406.814 19092.183 
15797.594 12705.410 10591.182 8787.574 6697.395 5434.870 4539.078 3597.194 
3006.680 
