LGT.DCD 
10563333
-20
1
2
41
41
36.072 30.060 44.088 40.080 18.036 22.044 26.052 32.064 
20.040 18.036 32.064 24.048 24.048 42.084 36.072 24.048 
42.084 36.072 40.080 28.056 14.028 30.060 20.040 36.072 
46.092 24.048 22.044 28.056 26.052 28.056 24.048 34.068 
30.060 42.084 24.048 32.064 42.084 30.060 38.076 36.072 
34.068 
6830.995 7927.855 9300.601 10480.961 12146.292 14210.420 16194.389 18715.430 
21779.557 24595.189 29216.431 32601.202 37494.990 41749.498 44855.711 47589.178 
48835.668 49134.267 47855.711 46002.001 42829.656 39432.863 35781.561 32448.897 
28158.316 24156.312 20561.122 16679.359 13745.490 11068.136 9505.009 7757.515 
6569.138 5615.230 4633.266 4074.148 3466.934 3002.004 2681.363 2326.653 
2054.776 
