LGT.DCD 
10563333
-20
1
2
41
41
30.728 36.072 32.064 24.048 46.092 36.072 30.060 32.064 
24.048 38.076 34.068 38.076 34.068 24.048 26.052 34.068 
30.060 38.076 36.072 28.056 46.092 40.080 22.044 24.048 
30.060 30.060 28.056 26.052 24.048 58.116 34.068 40.080 
32.064 20.040 38.076 30.060 24.048 20.040 28.056 42.084 
29.392 
2756.847 3142.284 3587.174 4238.477 4799.599 5539.078 6208.417 7078.156 
8124.248 9366.733 10577.154 12050.100 14106.212 16957.915 18891.782 23038.075 
26304.608 30336.672 34725.451 39186.369 43258.516 45889.776 47280.557 47723.444 
47392.782 45474.947 43052.103 39164.328 34775.549 32214.426 28008.015 23751.502 
19699.397 15685.370 12559.118 9861.723 8158.316 6729.458 5567.134 4615.230 
3855.043 
