LGT.DCD 
10563333
-40
1
2
54
54
37.408 42.084 36.072 46.092 28.056 30.060 32.064 42.084 
30.060 30.060 30.060 18.036 38.076 36.072 22.044 26.052 
26.052 28.056 34.068 14.028 22.044 24.048 38.076 34.068 
52.104 30.060 40.080 24.048 36.072 34.068 22.044 48.096 
26.052 40.080 26.052 26.052 38.076 26.052 32.064 34.068 
26.052 36.072 36.072 40.080 34.068 36.072 30.060 36.072 
38.076 22.044 40.080 40.080 30.060 24.048 
5688.710 6244.489 7068.136 7575.150 8438.878 9320.641 10018.035 10705.410 
10921.843 12338.677 14104.207 15869.739 17843.686 19773.545 22050.099 24210.419 
26006.011 28168.336 31086.171 34525.049 37498.995 41787.573 44943.887 51669.336 
53743.486 54492.982 55434.865 55258.516 55683.362 53921.842 50771.539 47809.618 
44691.381 41436.872 38424.849 32823.645 27270.539 23615.229 19593.184 17472.945 
16573.146 15458.917 14088.176 12372.745 11030.059 9605.210 8859.719 8098.196 
7098.196 6450.902 5919.840 5595.190 4845.691 4745.491 
