LGT.DCD 
10563333
-20
1
2
41
41
27.388 32.064 38.076 48.096 22.044 32.064 34.068 46.092 
46.092 28.056 28.056 26.052 34.068 28.056 26.052 30.060 
36.072 34.068 46.092 26.052 22.044 32.064 38.076 36.072 
20.040 24.048 42.084 26.052 36.072 40.080 42.084 24.048 
32.064 28.056 24.048 34.068 24.048 40.080 26.052 20.040 
27.388 
3342.017 4188.377 4593.186 5304.609 6000.000 6943.887 8248.497 9659.318 
10841.683 12947.895 15352.704 17817.634 21138.276 24278.556 28016.030 32647.292 
36148.295 39809.618 43014.025 45346.693 47080.160 46346.693 44364.729 41965.929 
38370.741 34801.600 31310.620 27577.153 24110.219 20545.089 17322.644 14432.865 
12026.052 9462.925 7372.745 5965.932 5032.064 4032.064 3354.709 2725.451 
2478.290 
