LGT.DCD 
10563333
-20
1
2
41
41
29.392 36.072 62.124 30.060 46.092 34.068 26.052 20.040 
40.080 28.056 40.080 44.088 30.060 38.076 28.056 38.076 
36.072 26.052 38.076 24.048 34.068 36.072 42.084 16.032 
38.076 32.064 32.064 34.068 32.064 24.048 38.076 26.052 
32.064 20.040 30.060 32.064 34.068 34.068 46.092 28.056 
40.080 
2506.346 2873.747 3146.293 3547.094 4306.613 4829.659 5438.877 6346.693 
6947.896 8302.605 9458.917 10432.866 12352.704 13779.558 16665.330 19432.864 
22569.137 26090.178 30829.657 34432.864 39036.070 42142.282 45907.812 47953.905 
48470.941 47549.097 46268.533 43320.639 40124.247 35859.717 32190.379 28450.900 
23777.554 19619.237 16755.510 12915.831 10398.797 8348.697 6987.976 5607.214 
4607.214 
