LGT.DCD 
10563333
-40
1
2
54
54
30.728 30.060 26.052 24.048 42.084 50.100 38.076 26.052 
32.064 30.060 30.060 26.052 30.060 12.024 24.048 30.060 
20.040 26.052 28.056 36.072 34.068 30.060 24.048 28.056 
34.068 22.044 34.068 32.064 38.076 30.060 28.056 20.040 
30.060 32.064 30.060 24.048 32.064 48.096 30.060 24.048 
30.060 24.048 32.064 38.076 20.040 26.052 30.060 24.048 
36.072 34.068 28.056 48.096 32.064 19.372 
5239.813 5781.563 5941.883 6068.136 7140.280 7663.326 8741.482 9232.464 
9404.810 10889.779 12112.224 13793.586 15631.262 16807.614 19364.728 22258.515 
23927.855 25669.337 27422.845 31190.379 33563.124 36887.774 42747.492 45917.833 
49855.711 53154.306 54460.920 55238.473 55657.312 55242.482 54268.533 52108.213 
48723.444 44440.882 41967.935 38468.935 34190.378 29565.129 25026.051 23398.797 
20505.010 15102.204 12765.530 11669.338 10551.102 9398.798 8619.238 7537.074 
6911.823 6232.464 5871.743 5204.408 4915.831 4579.158 
