LGT.DCD 
10563333
-20
1
2
41
41
34.736 24.048 30.060 34.068 34.068 38.076 36.072 36.072 
24.048 36.072 36.072 32.064 36.072 36.072 26.052 30.060 
22.044 40.080 40.080 28.056 34.068 34.068 32.064 28.056 
42.084 24.048 18.036 30.060 20.040 42.084 22.044 24.048 
32.064 10.020 40.080 24.048 38.076 28.056 34.068 20.040 
28.056 
6930.527 8112.224 9176.352 10647.294 12671.342 14595.189 16639.278 19350.701 
22490.981 26196.391 29448.897 33747.492 38741.480 42380.758 45725.450 48651.300 
49106.210 49430.860 48108.213 46154.306 42254.507 38416.830 35208.414 31619.236 
28128.255 24322.644 20064.128 16567.134 13797.594 11186.372 9482.965 7807.615 
6412.825 5553.106 4671.343 4126.252 3501.002 3066.132 2450.902 2314.629 
2083.500 
