LGT.DCD 
10563333
-15
1
2
41
41
32.064 30.060 28.056 26.052 46.092 34.068 28.056 40.080 
38.076 52.104 30.060 36.072 28.056 22.044 42.084 30.060 
26.052 34.068 32.064 34.068 22.044 28.056 22.044 30.060 
30.060 20.040 26.052 30.060 26.052 22.044 32.064 30.060 
36.072 36.072 34.068 34.068 26.052 30.060 42.084 44.088 
29.392 
9862.391 11032.064 12392.785 13781.562 15723.446 17559.117 19895.791 21472.945 
23693.385 26040.080 28995.991 31863.726 34831.663 37793.585 41352.705 44925.848 
47929.857 50805.608 54108.213 56100.198 57080.159 56234.468 56126.249 53308.614 
50226.449 47583.166 44292.581 40150.297 36358.717 33128.256 28649.296 24935.870 
21965.930 19743.485 17731.462 15448.897 13829.659 13010.020 11613.226 10126.252 
9473.613 
