LGT.DCD 
10563332
-20
1
2
41
41
23.380 20.040 34.068 18.036 20.040 24.048 26.052 16.032 
16.032 24.048 28.056 24.048 32.064 22.044 12.024 20.040 
14.028 22.044 20.040 18.036 6.012 18.036 22.044 10.020 
14.028 14.028 22.044 16.032 22.044 20.040 32.064 18.036 
6.012 26.052 22.044 22.044 22.044 24.048 24.048 20.040 
20.708 
7852.371 8617.234 10156.312 11140.280 12717.434 14140.280 15873.747 18424.850 
20717.433 23919.839 26388.776 30154.307 32985.972 36693.384 39549.097 42873.747 
46160.318 49537.073 51406.812 54501.001 56484.967 57484.967 57651.300 54561.120 
49316.633 41891.783 34160.319 27276.551 21757.514 17386.773 14224.448 11755.511 
9681.363 7835.671 6338.677 5156.312 4388.778 3705.411 3302.605 2671.342 
2440.882 
