LGT.DCD 
10563333
-20
1
2
41
41
31.396 28.056 34.068 42.084 30.060 22.044 28.056 40.080 
36.072 22.044 10.020 44.088 32.064 24.048 32.064 26.052 
38.076 28.056 34.068 30.060 34.068 34.068 28.056 26.052 
20.040 34.068 32.064 28.056 24.048 38.076 38.076 32.064 
38.076 28.056 32.064 30.060 30.060 20.040 16.032 28.056 
32.732 
47706.743 46607.214 44384.767 41388.777 38428.854 33947.893 30246.491 26611.222 
23024.047 18941.882 15310.621 12032.064 9482.965 7871.743 6432.865 5404.809 
4480.962 3727.455 3162.325 2663.327 2432.866 2062.124 1757.515 1777.555 
1490.982 1292.585 1226.453 1098.196 1040.080 881.763 787.575 781.563 
695.391 643.287 585.170 460.922 496.994 442.886 468.938 354.709 
352.705 
