LGT.DCD 
10563333
-15
1
2
41
41
24.048 26.052 40.080 32.064 34.068 36.072 28.056 34.068 
26.052 30.060 38.076 16.032 32.064 30.060 42.084 26.052 
40.080 22.044 34.068 42.084 28.056 14.028 36.072 20.040 
20.040 26.052 34.068 22.044 24.048 26.052 34.068 42.084 
26.052 20.040 28.056 18.036 34.068 12.024 52.104 32.064 
36.740 
10632.598 12306.612 14446.893 16827.655 20098.195 22709.418 26260.520 30108.216 
34340.681 37941.881 42104.208 46348.695 48957.914 49831.663 50174.345 48414.827 
46176.351 43513.025 39623.243 35557.112 31769.537 27601.201 24272.544 20478.957 
16737.474 13699.398 11432.866 9486.973 8062.124 6711.423 5851.703 4873.747 
4348.697 3761.523 3266.533 2845.691 2577.154 2224.449 2124.248 1811.623 
1710.755 
