LGT.DCD 
10563333
-20
1
2
41
41
29.392 16.032 16.032 28.056 22.044 32.064 26.052 32.064 
26.052 32.064 26.052 30.060 18.036 30.060 16.032 28.056 
24.048 10.020 20.040 22.044 38.076 32.064 18.036 20.040 
18.036 24.048 46.092 16.032 34.068 24.048 20.040 18.036 
16.032 22.044 16.032 14.028 30.060 30.060 42.084 16.032 
23.380 
3559.118 4254.509 4771.543 5607.214 6290.581 7895.791 8917.835 10619.238 
12985.972 15519.037 18390.781 21360.721 24841.681 28761.521 32436.873 35651.301 
39070.139 40615.229 40537.073 39464.930 37008.013 33615.229 29613.225 26148.295 
23138.276 19627.254 16837.674 13783.567 11565.130 9895.792 7901.803 6585.170 
5505.010 4543.086 3801.603 3048.096 2559.118 2172.345 1831.663 1529.058 
1335.337 
