LGT.DCD 
10563333
-30
1
2
46
46
33.400 32.064 36.072 16.032 24.048 30.060 16.032 50.100 
26.052 18.036 26.052 28.056 34.068 40.080 34.068 14.028 
32.064 40.080 20.040 28.056 28.056 24.048 26.052 32.064 
48.096 30.060 34.068 44.088 40.080 20.040 36.072 42.084 
24.048 24.048 34.068 30.060 18.036 34.068 38.076 30.060 
46.092 30.060 30.060 48.096 38.076 30.060 
15107.548 16953.906 20142.283 23006.011 25745.490 29609.217 32891.783 37368.734 
41523.043 44747.492 48529.054 50575.147 52496.992 52434.865 52290.578 50086.172 
47408.815 43442.884 39048.094 35549.097 30767.533 26298.596 22032.063 18482.965 
15525.049 13436.873 11136.272 9523.046 8054.108 7078.156 6022.044 5176.352 
4581.162 4152.304 3446.894 3238.477 2969.940 2569.138 2398.797 2066.132 
2006.012 1753.507 1609.218 1400.802 1300.601 1202.405 
