LGT.DCD 
10563333
-40
1
2
54
54
30.728 36.072 36.072 32.064 28.056 36.072 28.056 40.080 
38.076 34.068 30.060 32.064 26.052 28.056 32.064 30.060 
36.072 20.040 24.048 32.064 48.096 32.064 20.040 22.044 
42.084 30.060 36.072 24.048 34.068 18.036 32.064 26.052 
20.040 38.076 34.068 32.064 54.108 32.064 32.064 24.048 
30.060 32.064 24.048 24.048 44.088 42.084 42.084 16.032 
32.064 32.064 28.056 30.060 32.064 40.080 
10120.240 11627.254 13422.845 15755.511 18140.279 20857.715 24340.680 27521.041 
30809.618 35416.830 39042.082 43354.708 46248.495 48829.656 50482.965 50424.848 
49529.054 47773.546 46414.827 42915.830 39797.594 36484.968 31969.939 28545.088 
23667.334 20078.155 16799.598 14166.332 11625.250 10004.008 8509.018 7142.284 
6106.212 5386.773 4591.182 4008.016 3513.026 3180.361 2917.836 2398.797 
2252.505 1899.799 1921.844 1633.266 1521.042 1444.890 1298.597 1128.257 
1100.200 1002.004 883.768 845.691 787.575 695.391 
