LGT.DCD 
10563333
-20
1
2
41
41
30.060 44.088 28.056 44.088 46.092 26.052 18.036 18.036 
38.076 28.056 26.052 36.072 34.068 48.096 32.064 34.068 
36.072 38.076 30.060 56.112 36.072 22.044 36.072 24.048 
30.060 18.036 32.064 38.076 46.092 24.048 38.076 44.088 
32.064 32.064 42.084 28.056 36.072 26.052 26.052 44.088 
36.740 
3661.322 4138.276 5000.000 5741.482 6887.775 8174.348 8873.747 10494.990 
12394.789 14332.665 17146.291 20933.867 24637.273 28384.768 31002.003 34521.040 
38959.917 43130.258 45256.510 46170.339 46260.519 44072.141 41729.456 37517.031 
33969.939 30200.400 26024.047 22230.460 19402.804 16346.692 13206.413 10939.879 
8358.717 6959.920 5833.667 4551.102 3957.916 3172.345 2817.635 2354.709 
1988.644 
