LGT.DCD 
10563333
-15
1
2
41
41
28.724 30.060 18.036 24.048 18.036 40.080 34.068 38.076 
26.052 30.060 38.076 30.060 34.068 26.052 18.036 32.064 
30.060 30.060 40.080 28.056 22.044 28.056 22.044 34.068 
14.028 14.028 30.060 46.092 18.036 28.056 24.048 30.060 
36.072 38.076 30.060 30.060 42.084 34.068 40.080 34.068 
25.384 
10517.034 11959.919 12857.715 14757.514 16090.179 18084.167 20054.107 21837.674 
24112.223 26583.165 29925.850 32537.073 35248.495 38683.363 42857.714 46126.249 
49366.731 52841.680 55048.093 56807.611 57300.599 56332.662 54677.350 52214.425 
50486.970 46809.618 43466.932 39691.381 35492.983 31464.928 27661.322 24090.178 
21048.095 19144.288 17192.384 15440.881 14186.372 12743.487 11599.198 10426.854 
9619.906 
