LGT.DCD 
10563333
-20
1
2
41
41
31.396 36.072 34.068 24.048 30.060 40.080 22.044 32.064 
34.068 34.068 32.064 34.068 26.052 38.076 26.052 26.052 
24.048 20.040 14.028 46.092 36.072 40.080 34.068 20.040 
42.084 18.036 28.056 34.068 22.044 34.068 20.040 28.056 
38.076 30.060 32.064 30.060 28.056 26.052 24.048 30.060 
25.384 
3055.444 3356.713 4112.224 4573.146 5196.393 5723.447 6685.371 7901.803 
8915.831 10531.062 12432.866 14394.789 16829.658 19382.764 22663.325 26226.453 
29983.967 33274.546 38112.223 41360.720 44743.486 47172.342 46961.923 46332.662 
44837.675 41533.064 37709.417 33879.759 29855.710 26715.430 22472.945 19208.415 
16466.933 13685.370 10891.783 8418.837 7094.188 5589.178 4661.322 3843.687 
3299.933 
