LGT.DCD 
10563333
-20
1
2
41
41
37.408 28.056 48.096 22.044 22.044 42.084 32.064 34.068 
34.068 28.056 18.036 26.052 34.068 24.048 24.048 22.044 
36.072 42.084 32.064 34.068 34.068 38.076 28.056 24.048 
36.072 24.048 24.048 34.068 34.068 32.064 28.056 24.048 
16.032 42.084 34.068 20.040 34.068 34.068 28.056 42.084 
29.392 
47535.066 47016.031 44364.729 41386.770 36893.786 33068.137 29034.068 25040.080 
21212.424 16743.486 13478.957 10723.446 8915.831 6897.795 5679.358 4837.675 
3973.948 3338.677 2777.555 2424.850 1965.932 1925.852 1673.347 1569.138 
1376.753 1274.549 1118.236 1002.004 957.916 953.908 805.611 649.299 
645.291 673.347 603.206 553.106 462.926 476.954 384.770 340.681 
340.681 
