LGT.DCD 
10563333
-20
1
2
41
41
38.076 36.072 24.048 26.052 46.092 26.052 24.048 36.072 
36.072 24.048 32.064 24.048 28.056 28.056 14.028 34.068 
36.072 52.104 30.060 32.064 36.072 36.072 32.064 34.068 
34.068 38.076 32.064 24.048 40.080 26.052 30.060 24.048 
38.076 28.056 28.056 32.064 44.088 32.064 18.036 48.096 
38.744 
16661.990 19286.572 22599.198 25523.045 30164.328 34701.403 38585.169 43200.399 
47731.462 51551.099 53673.345 54587.171 55132.261 53719.438 51569.135 47002.000 
43332.662 38332.663 33156.309 28505.009 23669.337 19809.619 16831.662 14402.805 
12134.268 10755.511 9164.328 8226.452 7551.102 6442.886 5951.904 5162.324 
4460.922 4186.373 3743.487 3320.641 2907.816 2729.459 2418.838 2200.401 
1919.172 
