LGT.DCD 
10563333
-20
1
2
41
41
30.728 38.076 34.068 38.076 34.068 20.040 30.060 34.068 
26.052 54.108 34.068 32.064 38.076 26.052 28.056 26.052 
24.048 24.048 32.064 38.076 30.060 30.060 42.084 34.068 
28.056 24.048 32.064 30.060 28.056 20.040 30.060 38.076 
28.056 22.044 26.052 28.056 44.088 28.056 28.056 26.052 
32.064 
14567.133 17128.255 20585.170 24256.512 28669.337 33280.558 36923.845 40887.773 
43987.974 46162.321 47212.423 45893.785 44557.112 41541.079 38378.756 34773.546 
30779.557 27186.371 23128.255 19651.301 15424.849 12697.394 10234.469 8160.320 
6498.998 5376.753 4278.557 3709.419 3252.505 2791.583 2206.413 2132.265 
1849.699 1621.242 1496.994 1294.589 1062.124 1022.044 981.964 915.832 
800.267 
