LGT.DCD 
10563333
-20
1
2
41
41
32.732 48.096 24.048 44.088 28.056 38.076 26.052 30.060 
54.108 22.044 24.048 32.064 26.052 18.036 28.056 30.060 
26.052 30.060 32.064 32.064 30.060 44.088 34.068 26.052 
30.060 26.052 44.088 28.056 40.080 30.060 36.072 34.068 
26.052 28.056 46.092 28.056 36.072 24.048 42.084 28.056 
32.732 
45116.232 46509.016 47649.297 46769.537 43893.785 40997.995 37234.469 33092.184 
29589.177 25763.526 22186.372 17913.827 14823.647 11773.547 9250.500 7981.964 
6318.637 5090.180 4322.645 3709.419 3122.244 2723.447 2388.777 2086.172 
1729.459 1719.439 1531.062 1396.794 1172.345 1142.284 991.984 959.920 
787.575 727.455 683.367 729.459 605.210 531.062 462.926 454.910 
431.530 
