LGT.DCD 
10563333
-15
1
2
41
41
34.068 24.048 30.060 28.056 30.060 10.020 36.072 30.060 
28.056 32.064 34.068 32.064 44.088 32.064 36.072 34.068 
34.068 36.072 52.104 40.080 30.060 20.040 18.036 34.068 
48.096 42.084 26.052 24.048 26.052 38.076 36.072 28.056 
30.060 24.048 60.120 28.056 38.076 44.088 40.080 24.048 
33.400 
13089.512 15422.845 18308.616 20935.870 24432.864 28152.302 32390.780 36595.190 
41124.247 45058.115 47653.303 49969.938 49907.812 48821.642 45895.788 43857.714 
40745.489 36631.262 32993.986 29208.415 25388.776 21783.566 17989.980 14490.981 
12020.040 9945.891 8012.024 7110.220 5633.266 5034.068 4354.709 3861.723 
3344.689 2905.811 2450.902 2332.665 2066.132 1925.852 1665.331 1438.878 
1388.778 
