LGT.DCD 
10563333
-20
1
2
41
41
32.064 38.076 34.068 38.076 34.068 48.096 36.072 34.068 
20.040 32.064 40.080 34.068 44.088 34.068 42.084 42.084 
26.052 36.072 24.048 48.096 26.052 28.056 22.044 22.044 
36.072 34.068 22.044 26.052 30.060 36.072 22.044 30.060 
44.088 30.060 40.080 34.068 36.072 38.076 28.056 26.052 
26.720 
4817.635 5671.343 6547.094 7705.411 8821.642 10282.565 11945.891 13869.739 
16318.637 18915.832 21725.449 25186.372 28827.654 32238.474 36609.217 40581.160 
44218.435 47040.079 48713.426 48478.956 48192.384 45895.788 42665.327 38965.929 
35382.765 31180.359 27388.775 23454.909 19615.230 16653.306 13292.585 10242.485 
8482.965 6799.599 5537.074 4641.282 3673.347 3246.493 2673.347 2324.649 
2060.788 
