LGT.DCD 
10563333
-20
1
2
41
41
24.048 34.068 34.068 50.100 26.052 36.072 26.052 26.052 
24.048 38.076 50.100 26.052 36.072 36.072 24.048 22.044 
26.052 24.048 30.060 34.068 38.076 38.076 32.064 28.056 
30.060 22.044 22.044 38.076 34.068 22.044 40.080 42.084 
42.084 40.080 34.068 16.032 34.068 36.072 42.084 20.040 
36.740 
12650.634 14511.021 17046.092 20126.252 24026.051 28567.134 32342.684 36531.061 
41362.722 44681.360 46537.073 47539.076 46304.605 45228.456 42959.917 39853.704 
37490.980 33088.175 29096.192 25773.545 21440.881 17194.389 13541.082 10989.979 
8537.074 6965.932 5949.899 4825.651 3887.775 3388.777 2809.619 2507.014 
2044.088 1839.679 1687.375 1448.898 1284.569 1172.345 1108.216 1008.016 
884.435 
