LGT.DCD 
10563333
-20
1
2
41
41
29.392 30.060 24.048 28.056 40.080 22.044 24.048 28.056 
50.100 30.060 36.072 40.080 30.060 22.044 34.068 24.048 
28.056 28.056 28.056 26.052 36.072 36.072 24.048 38.076 
24.048 34.068 34.068 36.072 52.104 24.048 26.052 42.084 
34.068 28.056 26.052 28.056 36.072 28.056 22.044 34.068 
24.048 
18867.734 22735.471 27008.015 31561.121 36278.555 40541.079 44314.626 46709.417 
46667.333 47176.351 45270.540 43160.318 39869.738 36278.555 31891.781 28639.277 
24142.283 20474.950 16593.185 13070.139 10386.773 8761.523 7010.020 6032.064 
5070.140 4284.569 3422.845 3006.012 2378.757 2312.625 1973.948 1743.487 
1691.383 1376.753 1334.669 1126.252 1064.128 907.816 817.635 841.683 
730.127 
