LGT.DCD 
10563333
-20
1
2
41
41
44.088 34.068 30.060 40.080 40.080 42.084 44.088 54.108 
42.084 36.072 30.060 38.076 32.064 24.048 24.048 28.056 
22.044 32.064 32.064 30.060 18.036 28.056 34.068 34.068 
20.040 34.068 40.080 40.080 34.068 44.088 36.072 22.044 
20.040 26.052 36.072 38.076 38.076 24.048 22.044 38.076 
34.736 
21087.508 22903.806 25074.147 27545.088 29759.518 31863.726 35496.992 38310.618 
41116.232 46857.713 50801.599 54136.270 56609.216 57877.751 57579.156 58951.901 
58016.030 56593.183 55090.177 53350.698 51322.645 49765.527 46160.318 41312.624 
37555.109 33973.948 31685.370 29212.424 27040.080 24719.437 22312.625 20332.664 
18887.775 17038.076 15909.819 14723.446 13306.612 12210.420 11024.047 10270.541 
9351.369 
