LGT.DCD 
10563333
-20
1
2
41
41
30.728 20.040 26.052 40.080 36.072 26.052 32.064 24.048 
24.048 30.060 44.088 28.056 38.076 22.044 28.056 38.076 
32.064 36.072 40.080 54.108 36.072 46.092 38.076 20.040 
36.072 34.068 26.052 36.072 42.084 48.096 48.096 32.064 
34.068 34.068 38.076 22.044 28.056 26.052 24.048 48.096 
29.392 
3255.845 3695.391 4232.465 4789.579 5406.813 6132.264 7042.084 7887.775 
9466.934 10362.725 12216.432 14098.195 16390.781 18803.607 21881.762 25951.903 
29460.921 33935.870 38849.699 42521.040 45206.411 47418.836 48400.800 47959.917 
45799.597 43146.292 40396.791 36416.830 33124.247 29168.335 24885.770 20781.562 
16739.478 13388.777 10496.994 9092.184 7304.609 6000.000 4741.483 3941.884 
3482.298 
