LGT.DCD 
10563333
-20
1
2
41
41
24.716 30.060 34.068 30.060 40.080 32.064 36.072 24.048 
28.056 30.060 30.060 28.056 24.048 28.056 28.056 40.080 
44.088 32.064 26.052 18.036 46.092 36.072 42.084 38.076 
36.072 44.088 42.084 36.072 22.044 40.080 20.040 38.076 
26.052 18.036 38.076 40.080 40.080 34.068 38.076 18.036 
34.736 
16620.574 19675.349 23318.637 28032.063 31759.518 36490.980 40657.312 44170.339 
46519.037 47350.698 46737.474 44883.764 42434.866 38839.678 35326.651 31709.418 
27911.822 23923.846 20126.252 16134.267 13018.035 10715.431 8529.058 6809.619 
5593.186 4785.571 3877.755 3394.790 2979.960 2354.709 2112.224 1849.699 
1717.435 1442.886 1278.557 1262.525 1112.224 1008.016 941.884 805.611 
764.195 
