LGT.DCD 
10563333
-20
1
2
41
41
22.044 32.064 34.068 28.056 36.072 26.052 34.068 40.080 
22.044 42.084 22.044 40.080 36.072 44.088 34.068 32.064 
34.068 36.072 24.048 28.056 18.036 34.068 30.060 26.052 
32.064 36.072 28.056 30.060 30.060 42.084 34.068 30.060 
26.052 20.040 36.072 28.056 20.040 42.084 44.088 40.080 
36.072 
5351.369 6172.344 7022.044 8254.509 9302.605 10797.595 12382.765 14430.861 
16671.342 19106.212 22306.613 26076.152 30815.630 34591.181 39116.232 42941.881 
46058.115 47288.576 48643.285 48086.172 46683.363 43170.339 40761.522 37250.498 
33296.591 29458.916 25985.970 21951.903 18054.107 14651.302 11777.555 9777.555 
7765.531 6380.761 5268.537 4547.094 3761.523 3124.248 2761.523 2529.058 
2126.920 
