LGT.DCD 
10563333
-15
1
2
41
41
34.736 36.072 28.056 46.092 38.076 34.068 36.072 24.048 
34.068 38.076 42.084 20.040 34.068 48.096 36.072 34.068 
42.084 38.076 26.052 22.044 16.032 18.036 32.064 36.072 
58.116 42.084 42.084 34.068 34.068 34.068 24.048 24.048 
40.080 26.052 30.060 28.056 24.048 46.092 18.036 40.080 
38.076 
10434.202 11779.559 13034.067 14693.386 16094.188 17509.017 19358.716 22038.075 
24563.124 26406.813 28731.461 31819.638 34432.864 38092.184 41304.605 45270.540 
48913.824 51486.970 54695.390 56070.138 56222.444 56248.494 55062.120 52997.995 
49885.770 46442.884 43036.070 40014.025 36240.481 31897.793 28042.082 24749.497 
21907.815 19811.622 18010.018 15869.739 14262.524 12851.703 11633.266 10875.751 
9782.898 
