LGT.DCD 
10563333
-30
1
2
46
46
34.736 50.100 34.068 28.056 44.088 36.072 24.048 30.060 
26.052 34.068 34.068 30.060 22.044 22.044 26.052 30.060 
28.056 36.072 34.068 20.040 26.052 26.052 30.060 34.068 
32.064 36.072 28.056 36.072 30.060 42.084 42.084 28.056 
22.044 34.068 22.044 30.060 32.064 24.048 34.068 42.084 
20.040 32.064 36.072 52.104 28.056 34.736 
15826.987 18140.279 21468.938 24703.406 28553.105 31937.874 35809.618 39699.396 
44474.947 48242.483 50488.977 51601.201 52953.904 51787.572 49400.800 45709.417 
42424.848 38523.043 34418.837 30194.388 25835.669 21675.349 17945.891 14300.600 
12272.544 10418.837 8701.402 7388.777 6298.597 5208.417 4523.046 3991.984 
3635.270 3050.100 2671.342 2402.805 2158.317 1943.888 1797.595 1537.074 
1480.962 1364.729 1254.509 1038.076 937.876 894.456 
