LGT.DCD 
10563333
-20
1
2
41
41
42.752 36.072 56.112 34.068 16.032 24.048 38.076 30.060 
32.064 32.064 36.072 34.068 20.040 32.064 32.064 26.052 
42.084 26.052 34.068 26.052 34.068 40.080 30.060 18.036 
20.040 26.052 22.044 24.048 48.096 34.068 30.060 30.060 
34.068 38.076 50.100 38.076 26.052 34.068 42.084 34.068 
31.396 
3621.910 4142.284 4691.383 5579.158 6368.737 7358.717 8456.914 9763.526 
11751.502 13476.953 16472.945 18939.879 22176.352 25048.095 29222.443 32478.957 
37188.376 41523.043 44807.611 46589.178 46254.507 45084.165 43641.279 40198.397 
36579.157 32541.079 28386.773 24509.017 21040.080 17991.983 14989.979 12577.154 
9943.887 8178.357 6779.559 5248.497 4402.806 3595.190 3064.128 2496.994 
2181.029 
