LGT.DCD 
10563333
-20
1
2
41
41
37.408 26.052 52.104 34.068 40.080 30.060 34.068 32.064 
30.060 52.104 30.060 36.072 26.052 28.056 44.088 22.044 
24.048 34.068 44.088 48.096 40.080 32.064 28.056 26.052 
46.092 34.068 38.076 26.052 26.052 32.064 38.076 14.028 
50.100 32.064 34.068 30.060 54.108 34.068 30.060 30.060 
28.724 
28933.198 31847.695 34651.301 38276.552 42190.378 45611.219 49230.459 51665.327 
54843.686 56406.812 57230.458 57659.314 57781.560 56496.991 55430.860 53016.031 
51448.896 49106.210 46599.195 42797.594 40102.201 36438.875 33062.121 30064.127 
27248.496 24623.246 23132.264 21044.087 19220.441 17476.953 16330.661 14917.835 
13501.002 12549.097 11693.386 10891.783 9809.618 8897.795 8458.917 7599.198 
7329.325 
