LGT.DCD 
10563333
-20
1
2
41
41
34.068 38.076 26.052 40.080 42.084 34.068 36.072 36.072 
24.048 38.076 32.064 32.064 30.060 42.084 40.080 24.048 
34.068 48.096 32.064 40.080 30.060 24.048 24.048 20.040 
36.072 42.084 34.068 32.064 42.084 26.052 34.068 36.072 
40.080 16.032 30.060 26.052 38.076 26.052 26.052 36.072 
25.384 
4183.032 4761.523 5561.122 6386.773 7326.653 8262.524 9883.767 10947.895 
12488.978 14739.478 16494.989 18773.545 21276.551 24200.400 26482.964 29703.406 
33402.804 36432.863 39847.693 44094.187 47953.905 50987.974 52853.704 54853.704 
54376.752 53777.551 51627.252 49218.435 46290.579 42819.639 39547.091 36206.412 
32072.142 28559.117 24501.000 20805.610 18324.649 16016.031 14092.183 12188.376 
10857.715 
