LGT.DCD 
10563333
-30
1
2
46
46
35.404 36.072 46.092 48.096 36.072 52.104 26.052 32.064 
22.044 32.064 30.060 38.076 24.048 26.052 32.064 26.052 
22.044 34.068 22.044 26.052 32.064 34.068 38.076 22.044 
28.056 34.068 24.048 34.068 40.080 30.060 26.052 26.052 
36.072 18.036 28.056 48.096 24.048 16.032 28.056 38.076 
36.072 22.044 36.072 18.036 16.032 33.400 
17255.843 19727.454 22517.033 25809.619 29675.349 34032.061 38038.073 42773.546 
46651.300 48931.860 50925.847 52080.160 51893.785 49745.489 47178.354 43258.516 
38899.797 35861.723 31715.430 27611.222 22681.361 18833.667 15260.520 13220.440 
10815.630 9092.184 7354.709 6501.002 5436.874 4773.547 4060.120 3505.010 
3182.365 2783.567 2410.822 2082.164 2004.008 1745.491 1567.134 1460.922 
1326.653 1198.397 1116.232 927.856 919.840 825.651 
