LGT.DCD 
10563333
-20
1
2
41
41
28.056 42.084 24.048 40.080 32.064 20.040 42.084 26.052 
28.056 30.060 32.064 34.068 40.080 46.092 28.056 38.076 
30.060 26.052 22.044 18.036 26.052 26.052 32.064 32.064 
24.048 30.060 50.100 24.048 28.056 24.048 42.084 38.076 
22.044 36.072 20.040 20.040 28.056 18.036 34.068 30.060 
32.064 
2845.023 3272.545 3707.415 4412.825 5066.132 5529.058 6795.591 7703.406 
8779.559 10593.186 11911.823 13981.963 16595.189 19571.141 22366.732 26362.725 
29100.199 33827.654 37054.106 41735.468 44669.336 46889.776 47430.860 47022.043 
44400.801 41781.561 38096.190 34547.091 30735.470 26318.637 22757.514 19230.460 
16210.420 12823.647 10134.268 8376.753 6266.533 5430.862 4398.797 3745.491 
3119.572 
