LGT.DCD 
10563333
-20
1
2
41
41
32.732 26.052 42.084 22.044 24.048 34.068 18.036 38.076 
32.064 36.072 32.064 20.040 32.064 40.080 34.068 38.076 
22.044 50.100 26.052 34.068 32.064 24.048 38.076 30.060 
32.064 30.060 24.048 30.060 30.060 18.036 26.052 42.084 
22.044 42.084 36.072 44.088 32.064 24.048 40.080 30.060 
28.724 
1685.371 1885.771 2104.208 2482.966 2723.447 3186.373 3523.046 3957.916 
4404.809 5036.072 5815.631 6643.286 7416.834 8621.242 9715.431 11298.597 
12985.972 15046.091 17699.397 20607.213 24256.512 28621.241 32468.935 37358.717 
41370.741 43849.699 46757.513 48486.971 48008.012 46607.214 44192.385 41282.564 
36685.370 32927.855 28879.757 24519.036 20647.294 16741.483 13430.861 10551.102 
8448.897 
