LGT.DCD 
10563333
-20
1
2
41
41
30.728 38.076 40.080 30.060 22.044 22.044 32.064 26.052 
22.044 34.068 30.060 18.036 34.068 28.056 40.080 34.068 
14.028 28.056 34.068 28.056 38.076 42.084 36.072 42.084 
32.064 40.080 36.072 32.064 26.052 48.096 42.084 26.052 
36.072 32.064 56.112 32.064 34.068 24.048 38.076 32.064 
32.064 
43708.750 47879.758 50827.653 53689.378 54052.102 53969.938 52414.827 49975.950 
46064.127 42933.866 38727.453 33845.690 29607.213 25222.443 21136.271 17559.117 
15326.653 13176.352 11388.777 9549.098 8659.319 7507.013 6573.146 5777.555 
5060.120 4619.238 4214.429 3663.327 3472.946 3122.244 2909.819 2597.194 
2414.830 2006.012 1917.836 1797.595 1659.319 1372.745 1286.573 1234.469 
1098.196 
