LGT.DCD 
10563325
-70
2
2
41
41
3.003 0.000 5.005 4.004 5.005 4.004 3.003 4.004 
3.003 5.005 2.002 3.003 0.000 3.003 5.005 2.002 
3.003 3.003 3.003 0.000 1.001 2.002 5.005 3.003 
2.002 4.004 2.002 2.002 5.005 3.003 7.007 5.005 
6.006 8.008 4.004 4.004 5.005 3.003 3.003 1.001 
5.005 
411.411 433.433 461.461 432.432 550.551 545.545 610.611 643.644 
639.640 675.676 716.717 797.798 896.897 881.882 938.939 1087.087 
1144.144 1222.222 1369.369 1518.518 1732.733 1850.851 2082.082 2534.534 
2938.939 3317.317 3937.938 4757.757 5811.812 7052.052 9031.030 10994.995 
13363.363 14653.653 14598.598 12754.754 10610.610 8227.227 6322.322 5000.000 
4080.080 
