LGT.DCD 
2.130075e+07
-20
1
2
41
41
1.001 4.004 5.005 5.005 2.002 5.005 6.006 3.003 
8.008 4.004 4.004 3.003 4.004 4.004 4.004 1.001 
3.003 7.007 1.001 3.003 5.005 4.004 8.008 4.004 
5.005 4.004 0.000 2.002 10.010 1.001 4.004 3.003 
2.002 2.002 3.003 4.004 4.004 0.000 6.006 1.001 
7.007 
5357.357 5861.861 6085.085 6629.629 6995.996 7580.580 8190.190 8977.977 
9633.633 10681.681 11546.546 12933.934 14051.050 15578.578 17467.467 19515.515 
21832.831 24896.895 28018.017 32570.570 36870.871 41354.353 45666.666 49524.522 
51327.325 52412.408 51653.650 49178.175 45506.506 40744.741 36265.265 31904.904 
27801.800 23975.974 21043.042 18727.727 16408.408 14763.763 12974.974 11679.679 
10445.445 
