LGT.DCD 
2.130075e+07
-20
1
2
41
41
2.002 5.005 7.007 5.005 6.006 1.001 4.004 5.005 
4.004 6.006 1.001 3.003 1.001 2.002 4.004 3.003 
1.001 3.003 5.005 3.003 3.003 1.001 4.004 8.008 
2.002 6.006 1.001 1.001 3.003 5.005 1.001 3.003 
4.004 4.004 6.006 1.001 4.004 2.002 0.000 2.002 
3.003 
10764.764 11243.243 12319.319 13848.849 15248.247 16846.847 18588.588 20520.520 
23286.284 25638.638 29069.068 32794.794 37833.834 42816.816 49100.099 55714.711 
61905.904 67081.074 71441.441 73084.080 70503.499 65093.091 57784.783 50837.835 
44733.732 38349.348 34304.304 29322.321 25803.803 23269.269 20607.606 18476.476 
16697.698 14955.955 13869.870 12548.548 11505.505 10654.654 9894.894 9212.212 
8631.631 
