LGT.DCD 
2.130075e+07
-20
1
2
41
41
3.003 7.007 5.005 5.005 4.004 7.007 2.002 5.005 
4.004 5.005 6.006 4.004 6.006 3.003 1.001 8.008 
6.006 9.009 4.004 6.006 8.008 6.006 5.005 5.005 
5.005 5.005 6.006 8.008 2.002 5.005 5.005 4.004 
6.006 5.005 6.006 7.007 5.005 4.004 3.003 4.004 
5.005 
1731.732 1735.736 1781.782 1804.805 1850.851 1754.755 1915.916 1911.912 
1925.926 1889.890 2057.057 2004.004 2072.072 1978.979 2115.115 2141.141 
2258.258 2172.172 2251.251 2311.311 2357.357 2388.388 2513.513 2472.472 
2577.577 2566.566 2527.527 2570.570 2738.739 2678.679 2772.773 2867.868 
2816.817 2896.897 2940.941 2875.876 2950.951 2889.890 2852.853 3047.047 
2941.942 
