LGT.DCD 
-922747
-30
0.5
2
121
121
907.608 938.939 1015.015 1027.027 1153.153 1144.144 1244.244 1293.293 
1411.411 1526.526 1602.603 1650.651 1732.733 1890.891 2026.026 2108.108 
2347.347 2541.541 2630.631 2853.854 2998.999 3355.355 3519.519 3883.884 
4133.133 4477.477 4849.849 5244.244 5678.678 6185.185 6571.571 7293.293 
7818.819 8481.481 9376.376 9707.707 10540.540 11455.455 12350.350 13290.289 
14518.518 15310.310 16405.404 17669.669 18665.666 19724.723 21150.149 21794.793 
22951.951 23622.622 24857.857 25680.680 26704.703 27374.373 28229.228 28778.777 
29331.330 30022.021 30133.132 30611.611 31214.213 31080.079 31578.577 31338.337 
31070.069 30879.878 30216.216 29783.782 29156.155 28231.230 27366.364 26542.542 
25537.535 24506.505 23195.193 22043.042 20724.723 19527.526 18386.386 16939.939 
15518.518 14706.706 13637.637 12672.672 11559.559 10532.532 9754.755 9055.054 
8180.180 7854.855 7187.187 6570.570 6073.073 5526.526 5115.115 4845.845 
4420.420 4075.075 3882.883 3574.574 3306.306 3031.031 2695.696 2507.507 
2409.409 2137.137 2059.059 1847.848 1693.694 1486.486 1456.456 1378.378 
1208.208 1144.144 984.985 977.978 945.946 838.839 821.822 760.761 
684.985 
19.119 18.018 14.014 17.017 16.016 14.014 23.023 25.025 
10.010 15.015 16.016 14.014 27.027 18.018 15.015 20.020 
15.015 22.022 14.014 17.017 12.012 15.015 15.015 23.023 
15.015 19.019 8.008 14.014 12.012 22.022 17.017 14.014 
20.020 24.024 17.017 20.020 15.015 16.016 16.016 20.020 
20.020 14.014 18.018 14.014 14.014 11.011 18.018 18.018 
13.013 20.020 17.017 10.010 10.010 20.020 20.020 19.019 
20.020 21.021 18.018 18.018 22.022 13.013 19.019 12.012 
19.019 19.019 13.013 23.023 29.029 21.021 10.010 18.018 
14.014 21.021 21.021 16.016 18.018 10.010 22.022 29.029 
16.016 20.020 19.019 22.022 15.015 25.025 19.019 10.010 
21.021 20.020 23.023 18.018 18.018 19.019 17.017 16.016 
14.014 18.018 18.018 18.018 19.019 10.010 24.024 21.021 
21.021 27.027 15.015 21.021 24.024 19.019 24.024 11.011 
16.016 18.018 15.015 12.012 12.012 18.018 24.024 17.017 
18.318 
