LGT.DCD 
-922747
-30
0.5
2
121
121
3419.019 3553.553 3644.645 3840.841 3940.941 4079.079 4213.213 4426.426 
4686.686 4949.950 5117.117 5186.186 5639.640 5905.905 6190.190 6602.602 
7066.066 7631.631 7958.959 8614.614 9112.112 9795.795 10682.682 11401.401 
11892.892 12977.977 13928.929 15028.028 16314.313 17074.073 18625.625 19980.981 
21596.595 23130.130 25321.320 26881.880 29375.374 31575.573 33654.654 35900.900 
38768.766 41160.158 44070.066 46377.374 49187.185 51678.678 54154.153 56208.207 
58532.529 60697.694 62700.696 64610.608 66016.011 67809.804 68810.811 69649.647 
70944.943 71801.800 72657.658 73396.389 73769.764 74494.488 75179.173 74955.952 
75072.071 74471.470 74341.336 72397.396 70279.278 68641.636 65293.294 63202.199 
59932.931 56478.475 52510.507 48956.956 44816.816 41397.394 37691.691 34506.506 
31154.152 27988.988 24974.974 22629.628 20316.316 18447.446 16713.714 15069.068 
13802.802 12883.883 11419.419 10608.608 9484.484 8810.811 8159.158 7322.322 
6778.778 6142.142 5761.761 5369.369 4933.934 4537.537 4172.172 3972.973 
3565.565 3391.391 3057.057 2855.856 2725.726 2592.592 2466.466 2283.283 
2028.028 1891.892 1798.799 1677.678 1565.566 1534.535 1382.382 1311.311 
1289.990 
41.642 35.035 45.045 35.035 42.042 46.046 47.047 35.035 
38.038 36.036 43.043 41.041 42.042 42.042 46.046 47.047 
48.048 30.030 36.036 49.049 43.043 35.035 44.044 43.043 
45.045 40.040 39.039 37.037 36.036 32.032 38.038 40.040 
41.041 33.033 40.040 39.039 39.039 35.035 32.032 51.051 
29.029 49.049 41.041 39.039 51.051 33.033 28.028 44.044 
42.042 37.037 32.032 36.036 34.034 45.045 43.043 34.034 
41.041 34.034 40.040 28.028 36.036 37.037 35.035 29.029 
38.038 38.038 41.041 36.036 46.046 42.042 44.044 40.040 
37.037 25.025 38.038 36.036 42.042 49.049 43.043 38.038 
49.049 36.036 41.041 45.045 37.037 41.041 39.039 33.033 
45.045 34.034 35.035 43.043 37.037 44.044 47.047 39.039 
47.047 33.033 45.045 44.044 35.035 48.048 45.045 48.048 
47.047 39.039 32.032 40.040 39.039 46.046 38.038 41.041 
32.032 46.046 44.044 40.040 42.042 41.041 40.040 33.033 
40.641 
