LGT.DCD 
-922747
-30
0.5
2
121
121
6991.691 7408.408 8038.038 8331.331 8817.817 9257.257 9949.950 10416.416 
11195.195 11732.732 12598.598 13221.220 14202.201 14959.959 15592.591 16442.441 
17460.460 18051.049 18920.920 19941.941 21115.113 22288.287 23024.024 24148.146 
25157.157 26195.193 27353.352 28322.322 29434.433 29938.937 31002.001 32121.119 
32996.996 34094.092 35026.026 35581.579 36594.591 37217.215 38164.164 38882.879 
39356.356 40300.299 40850.847 42052.050 42350.347 43144.144 44028.024 44285.284 
45685.682 46135.133 47055.051 47532.529 48852.850 49364.362 50156.152 51212.209 
51813.810 52046.045 53118.116 53316.312 53733.732 53626.623 53534.532 53349.347 
52626.623 52461.458 51463.460 49441.438 48430.429 46442.442 44875.875 42270.269 
40017.015 37771.769 35596.594 33115.115 30684.683 28665.665 25985.985 23961.961 
21868.869 19823.823 18306.306 16626.626 14931.931 13661.661 12861.862 11794.794 
10598.598 9829.830 9037.036 8095.094 7662.662 7109.109 6393.393 5823.824 
5471.471 4854.855 4451.451 4094.094 3790.791 3511.511 3156.156 2903.904 
2591.591 2391.391 2158.158 2044.044 1889.890 1705.706 1664.665 1543.544 
1427.427 1344.344 1215.215 1158.158 1120.120 995.996 950.951 978.979 
907.207 
25.325 22.022 30.030 21.021 25.025 29.029 31.031 27.027 
26.026 27.027 21.021 22.022 22.022 19.019 15.015 27.027 
16.016 23.023 21.021 19.019 28.028 21.021 19.019 27.027 
25.025 26.026 27.027 20.020 19.019 30.030 29.029 30.030 
15.015 24.024 28.028 17.017 21.021 22.022 22.022 21.021 
21.021 23.023 37.037 20.020 22.022 17.017 22.022 33.033 
23.023 28.028 41.041 25.025 27.027 28.028 20.020 21.021 
18.018 17.017 18.018 24.024 19.019 35.035 17.017 20.020 
23.023 19.019 25.025 26.026 22.022 28.028 19.019 21.021 
27.027 26.026 27.027 17.017 27.027 22.022 17.017 19.019 
30.030 26.026 16.016 29.029 27.027 27.027 28.028 23.023 
17.017 33.033 19.019 17.017 23.023 25.025 20.020 28.028 
34.034 25.025 20.020 28.028 23.023 25.025 26.026 22.022 
18.018 29.029 20.020 22.022 20.020 33.033 19.019 27.027 
23.023 23.023 31.031 22.022 22.022 24.024 20.020 30.030 
23.624 
