LGT.DCD 
-922747
-30
0.5
2
121
121
7677.077 7816.816 8053.053 8151.150 8236.236 8626.627 9020.020 9025.025 
9120.120 9493.493 9621.622 9822.822 10357.357 10362.361 10583.583 11028.028 
11428.428 11633.633 11818.818 12398.398 12836.836 13379.379 13811.811 14214.214 
14632.632 15117.116 15592.591 16265.264 16685.685 17037.036 17765.765 18445.445 
19170.169 19845.845 20871.871 21608.607 22220.220 22829.829 23768.767 24647.647 
25762.761 26910.910 27944.943 29192.191 30268.267 31683.682 32900.900 33894.892 
35595.595 37042.040 38500.498 39622.622 41405.405 42455.454 44143.141 45402.399 
47026.025 47802.801 49247.243 50230.226 50972.970 51868.867 51674.673 52166.162 
52324.323 51913.911 51639.638 51017.015 50214.212 49342.340 48352.350 47220.216 
46247.244 45011.007 43774.774 41795.793 40513.510 39225.222 38025.023 36145.144 
34662.661 33248.247 32015.013 30668.667 29491.490 28258.257 26992.991 25957.957 
25020.018 23662.661 23180.178 22265.263 21364.364 20635.634 19776.776 19126.124 
18405.404 17749.749 16923.923 16323.323 16060.060 15490.490 15129.129 14474.474 
13986.986 13690.690 13369.369 12676.676 12178.177 11860.860 11580.580 11119.118 
11037.036 10737.737 10484.484 10049.049 9977.977 9661.662 9475.475 9132.132 
8860.660 
7.207 9.009 9.009 3.003 5.005 3.003 4.004 7.007 
5.005 6.006 9.009 6.006 4.004 5.005 7.007 5.005 
6.006 6.006 7.007 6.006 7.007 5.005 8.008 4.004 
5.005 8.008 9.009 6.006 2.002 7.007 9.009 4.004 
9.009 5.005 9.009 6.006 10.010 9.009 6.006 8.008 
11.011 6.006 3.003 10.010 9.009 5.005 6.006 4.004 
8.008 10.010 6.006 7.007 5.005 7.007 7.007 8.008 
8.008 6.006 6.006 7.007 8.008 12.012 9.009 6.006 
5.005 9.009 7.007 6.006 10.010 8.008 6.006 9.009 
7.007 8.008 2.002 6.006 5.005 4.004 8.008 9.009 
6.006 2.002 7.007 5.005 6.006 10.010 2.002 9.009 
4.004 4.004 11.011 7.007 6.006 10.010 4.004 9.009 
13.013 8.008 5.005 7.007 6.006 4.004 9.009 5.005 
5.005 5.005 7.007 7.007 3.003 12.012 7.007 11.011 
6.006 5.005 8.008 10.010 7.007 7.007 7.007 8.008 
4.505 
