LGT.DCD 
2.130075e+07
-20
1
2
41
41
4.004 4.004 1.001 3.003 3.003 1.001 1.001 3.003 
1.001 3.003 3.003 3.003 5.005 0.000 0.000 2.002 
3.003 4.004 1.001 4.004 6.006 1.001 1.001 2.002 
3.003 6.006 1.001 6.006 2.002 1.001 2.002 5.005 
5.005 3.003 0.000 5.005 1.001 2.002 2.002 4.004 
2.002 
11499.499 12501.500 13564.564 15182.182 16538.537 18359.359 20736.735 23217.215 
25944.943 29609.608 33673.674 38533.533 43847.845 50059.057 55904.901 61462.460 
65979.977 68108.105 68515.515 66865.864 63653.649 59036.035 52711.709 46493.490 
40057.055 34755.755 30255.253 26366.364 23334.332 20391.391 18294.293 16401.401 
14824.825 13560.560 12429.428 11278.278 10334.334 9706.707 8978.979 8322.321 
7785.785 
