LGT.DCD 
2.130075e+07
-20
1
2
41
41
4.004 2.002 3.003 3.003 2.002 3.003 4.004 2.002 
4.004 4.004 2.002 7.007 6.006 3.003 3.003 3.003 
3.003 4.004 0.000 1.001 2.002 4.004 4.004 3.003 
8.008 1.001 4.004 3.003 3.003 4.004 3.003 2.002 
2.002 1.001 3.003 5.005 3.003 7.007 3.003 0.000 
2.002 
520.520 571.572 644.645 636.637 741.742 926.927 974.975 1024.024 
1212.212 1257.257 1359.359 1520.520 1759.760 2015.015 2203.203 2508.508 
2949.950 3375.375 3832.833 3897.898 3908.909 3875.876 3616.617 3471.471 
2944.945 2581.581 2162.162 1713.714 1367.367 1169.169 1016.016 824.825 
702.703 680.681 580.581 496.496 518.518 442.442 372.372 377.377 
291.291 
