LGT.DCD 
2.130075e+07
-20
1
2
41
41
3.003 4.004 4.004 4.004 7.007 4.004 5.005 5.005 
2.002 9.009 5.005 10.010 3.003 4.004 4.004 8.008 
5.005 3.003 4.004 4.004 12.012 8.008 3.003 2.002 
6.006 4.004 4.004 8.008 3.003 7.007 6.006 7.007 
9.009 4.004 6.006 9.009 7.007 7.007 6.006 6.006 
8.008 
4740.741 5333.333 5723.724 6072.072 6950.951 7464.464 8427.427 9240.240 
10409.409 11498.498 12966.966 14400.399 16550.550 18228.227 20637.637 23404.403 
25920.920 28103.102 29977.976 30234.232 29729.729 28146.145 25739.739 22476.476 
20034.034 17694.694 16031.030 14305.305 12736.736 11318.318 10725.726 9477.477 
8701.702 8127.126 7243.243 6712.712 6039.039 5484.484 4948.949 4640.641 
4163.163 
