LGT.DCD 
2.130075e+07
-20
1
2
41
41
4.004 3.003 3.003 1.001 1.001 2.002 2.002 1.001 
3.003 2.002 3.003 3.003 2.002 3.003 3.003 3.003 
1.001 1.001 2.002 6.006 2.002 1.001 4.004 2.002 
1.001 5.005 3.003 1.001 1.001 4.004 2.002 2.002 
5.005 1.001 2.002 4.004 6.006 3.003 4.004 1.001 
2.002 
818.819 789.790 892.893 933.934 945.946 1032.032 1080.080 1155.155 
1245.245 1291.291 1440.440 1526.526 1626.627 1751.752 1913.914 2062.062 
2175.175 2382.382 2638.639 2846.847 3142.142 3475.475 3907.908 4309.309 
4778.778 5267.267 5783.784 6279.279 6517.517 6808.808 6936.937 6902.903 
6714.714 6240.240 5905.905 5363.363 5054.054 4492.492 4030.030 3579.579 
3205.205 
