LGT.DCD 
2.130075e+07
-20
1
2
41
41
4.004 7.007 2.002 2.002 4.004 1.001 2.002 2.002 
2.002 5.005 2.002 2.002 1.001 2.002 4.004 7.007 
3.003 6.006 3.003 3.003 3.003 5.005 4.004 7.007 
0.000 4.004 4.004 3.003 6.006 3.003 6.006 2.002 
1.001 4.004 2.002 1.001 3.003 2.002 1.001 2.002 
2.002 
477.477 510.510 548.548 604.605 655.656 712.713 762.763 868.869 
1113.113 1246.246 1332.332 1543.544 1822.823 2039.039 2395.395 2627.627 
3186.186 3547.547 3892.893 4245.245 4249.249 4113.113 3812.813 3360.360 
3068.068 2619.619 2248.248 1741.742 1513.513 1304.304 1081.081 936.937 
808.809 687.688 636.637 546.546 527.527 458.458 432.432 406.406 
369.369 
