LGT.DCD 
2.130075e+07
-20
1
2
41
41
8.008 5.005 7.007 5.005 6.006 2.002 8.008 2.002 
1.001 7.007 7.007 2.002 3.003 4.004 5.005 3.003 
6.006 5.005 2.002 5.005 3.003 2.002 6.006 2.002 
6.006 4.004 6.006 7.007 7.007 8.008 6.006 4.004 
4.004 5.005 5.005 1.001 4.004 3.003 4.004 6.006 
3.003 
3494.494 3802.803 4156.156 4420.420 4790.790 5123.123 5660.660 6171.171 
6926.927 7664.664 8350.350 9365.365 10282.281 11653.654 13152.151 15115.114 
17603.603 21023.023 24953.954 29468.466 35931.929 43201.200 50945.943 57343.339 
60696.694 58399.396 51666.665 42686.685 34787.787 28325.324 23442.441 19801.801 
16818.818 14732.732 12546.546 11064.064 9693.694 8711.711 7844.844 6910.911 
6184.184 
